7353
191139051 16
725355408 2
-1276194456 8
-115319393 8
-275333098 16
337302161 8
-1579297526 16
552592219 2
-1565491970 2
-1543161670 8
-1637832122 16
187100352 8
-869527582 8
1463410039 16
-420492785 16
1628532250 16
-785462933 8
1225749432 8
1724741817 16
-897969210 16
1702851347 16
1593004150 8
-892806972 2
-1315240716 16
-1081133 16
1003208851 16
-1498853340 2
1264105265 2
-780404570 8
212317478 16
-1561597123 8
371169286 16
-1713549357 16
278251500 8
-855526688 2
-1475748346 16
-333594074 16
-452211635 16
-726335345 16
855262579 8
19308654 16
1903935230 16
1467121210 8
-1540092852 8
182520661 16
-1819663224 16
-1122628107 16
1235391761 8
1852084630 2
395947974 2
-905114090 8
-1230982113 2
-1277545827 2
-575175620 16
-650477545 2
-414464538 16
-591831878 16
-1094115437 2
1191442938 8
-2119575165 8
1302686057 2
-876473652 8
-114472708 2
283011519 2
-948765130 16
538773128 8
-1391014178 2
1730015696 16
1067288704 16
1178132217 16
-1217002935 16
2015879603 16
-924401531 16
338955737 2
-869833804 2
-1199405679 8
-207272335 8
-2032193220 8
-2020755394 16
176176374 8
1694144296 16
1415852056 16
1286116600 16
-358899472 8
-1718100855 2
-393428305 16
-431058991 8
-573097137 2
145800057 2
14765005 16
418266148 16
1921547273 2
-984968597 16
1335762650 2
1255575886 16
85413277 2
1077513648 2
-106230935 2
7908371 2
-1106335333 8
1840321109 2
-761077429 2
-1938663842 16
2033824408 8
1656344999 8
673995262 16
-1754045457 2
1249336947 2
-1642646969 16
-394698825 8
-458460199 2
1844490429 16
1558922720 2
1790414691 16
1349345263 16
1646893333 2
-1813619281 2
40733953 2
-989623681 2
-1694145168 2
-2022159432 16
178458305 8
1575926871 16
1440212290 16
-1642608667 16
1969478007 16
-2147395135 8
-237685629 2
-984780664 16
1711178400 16
-386983423 2
14270494 8
1968491038 16
1300600911 8
1156385022 2
-236843273 8
-691278 8
1347228674 8
1889481413 16
1849611418 16
-1582658050 8
1358435188 8
1569434436 16
-1186539541 8
697327515 2
-1326164347 2
1756530019 8
756758640 2
883312963 8
808630019 16
1673942266 2
1148642124 16
1970550519 16
-1676136486 2
-927560767 16
1825013011 16
-252783989 2
446879130 8
1895041718 8
-266051580 8
-179001382 16
-572024465 2
-705100144 2
-1563223178 2
831656166 2
-1648050840 16
1599417364 8
448067251 8
55902657 16
447741886 2
-1572324791 8
1540941507 8
1921525621 2
-1729795228 16
-1539026729 2
15548411 16
-859033316 8
1220241622 8
-1387770981 8
-2116498043 8
1647674627 2
-1818321779 16
-1970035510 8
1114927128 2
-222017335 16
-1413980153 2
1658781897 2
-393744994 16
1815472301 8
1870794630 8
-925732688 16
1702585751 8
-115642390 2
-432200604 2
2116627915 8
-1985541746 8
-1821447695 8
1790858144 16
-205977342 8
1819477964 16
449132930 2
451413162 8
535242170 16
-1280587848 8
-389453084 16
610264433 8
858625744 2
-101415834 2
-979533148 2
-1356489616 8
-2145485238 16
1414816437 8
-335343708 16
-2142760788 2
1883389509 16
206893581 16
1714227059 8
1615946678 2
-616448081 2
1923720567 8
658993608 16
1437773882 2
2035039534 8
731555017 16
-359104004 8
670247675 2
-1220863627 16
-593960093 8
255909231 8
-259127535 16
-1850975706 16
984694329 16
-1098108630 16
-280222076 16
887271049 16
-1388136302 8
464506660 2
391648044 2
1732355131 8
484019894 16
935726212 8
1376826639 16
1042842729 16
2146274257 16
1559404752 16
-518006944 16
1285667073 2
445775341 16
1426512210 16
-708752684 8
2068523052 8
-1457258706 2
-1385404366 8
525891880 16
1081604575 2
-969248705 2
1293951061 16
970547497 8
-132088333 8
-1621010628 2
-54646564 16
1041023533 8
407656418 2
1015551540 8
1945179071 16
-978005520 2
1031299694 8
2052788186 8
214619024 16
1764521960 2
-368484361 2
1859633835 16
-2098743855 2
1461663382 2
-122573713 8
1597963562 8
1891006153 2
1779814962 16
-1312707839 16
-11430018 16
1250312109 2
1032487011 8
-2034591119 2
1017163003 8
-1764621493 16
358184774 8
-1852428365 16
1542067434 8
1977446004 8
-358382688 2
-1015161064 16
1380707762 2
-1466868265 16
-1542892727 8
1750206745 2
-1141158553 2
1037787932 16
-524311456 2
947595185 16
2080728679 2
-1063917034 8
-619923129 8
-390220719 8
105481966 8
912912678 2
-1282210284 2
-1316250552 16
796934525 16
553198607 16
-304306533 16
261574486 8
-1786245342 2
-1367953054 8
1150442918 8
1973037580 16
-867176210 8
1524731802 16
881812861 2
-1990025539 2
185435405 2
2055765808 2
1732739214 16
-59187497 16
1631172871 8
1847846238 8
590951196 16
465861367 2
-956514530 16
-157852740 16
-1375676978 8
-415837524 2
-535028442 2
-2078780193 2
-148762203 8
-917148668 2
12174450 2
1660211289 16
-1537649549 2
558036334 16
921332840 2
-1520139477 8
836624968 16
-639895917 16
2006597317 2
-2075975048 16
-1449419985 2
833781881 2
1007531619 8
1582144332 2
1378516327 16
-1206992093 16
1119972964 8
-595459662 16
-2018538823 8
1364149943 2
-1520409302 2
-1502259007 16
496729219 2
1156589770 8
-1036257345 2
1305558523 2
1720854110 2
-594820036 2
-568082694 2
569384741 2
-655364776 8
-58672655 2
640789421 2
-1132206285 8
-580844470 2
1494979853 8
-1704621538 16
-1956602585 8
-1523207422 2
431317511 16
1287360061 2
-1470018350 16
-1338975125 16
-1178916501 16
1846454579 16
-314841673 2
1396564489 16
-205660252 16
831730377 8
1080388528 8
101593945 2
1444640904 8
884610852 16
1767734069 8
-607412088 8
-1765191656 8
1206991047 8
1815299640 8
741539447 8
909014204 2
1729177607 8
2107370648 2
1303574150 8
1409738944 16
-305508439 16
-521449143 16
805628614 2
1550958444 2
-1063772227 16
1188942610 16
936260083 8
-784491545 2
690606936 2
1324456991 2
-1241443095 2
-97017130 16
-144201743 8
1884549731 2
1540383288 2
-425141698 16
-1146271413 16
1559185497 2
203886581 16
598258391 16
77845250 16
-102074085 2
-70091375 2
-1783632606 16
-1106141503 2
-51859676 2
-1467279043 16
1190493675 8
182456158 8
1005368611 8
-1527638034 2
1496195333 16
-974992478 2
1766833861 2
1788169833 2
-971522807 8
479374518 16
-1053869990 2
1516130008 16
1436121525 16
-1162034898 2
-1750356954 16
1199375736 8
1497576951 8
2069698287 2
902051202 16
-1003081302 16
-414671610 2
2130819789 8
-970029147 16
-545057440 2
85027360 16
-1298342983 2
1002079636 2
636004282 8
1415950871 2
-103074825 16
658173230 2
-1453197175 8
-1400594037 8
302892302 8
-1594869875 8
-3926294 2
-1820110248 8
-1351013190 2
-85692920 8
-616582093 2
-811805605 8
-537875952 16
765671256 16
-1790140528 8
-368913835 8
862035824 16
-764119754 2
535215799 2
258142019 16
809768072 8
408291743 8
-164850594 8
-15549208 2
788261564 2
1017109303 2
1706747282 16
-864202564 16
-1190596135 8
-210538220 8
-989607639 8
2058653881 2
-271708255 8
-663074919 2
-400829820 16
-1343537255 8
-62053103 16
-100097375 2
240041266 2
1716354656 2
-466722977 8
1427718212 2
275947767 2
1680083922 16
-85664335 16
-2124612497 2
1021345862 8
1849754818 2
2016572876 8
-1708232141 16
740012262 8
-1765103413 8
-1306865236 8
-644395600 16
820703082 8
2114209906 8
1205068312 8
655414495 2
-1452686478 16
-1242778277 2
-1263112542 16
-269867158 2
-231403075 16
934993627 16
1408454502 8
1594600096 8
30588665 8
862517194 2
1656051406 16
-286117807 2
476798504 8
1103124044 8
-1522645510 2
1769588810 2
-1546632069 16
-1021832269 16
1659663074 8
1582871973 8
2108584939 16
-2128052440 16
1752619059 2
-1728548639 8
-725237085 16
1358507976 2
-2100751188 16
-839724347 2
1139868022 16
194905636 2
-99923529 2
88835799 2
-785255221 8
-1253165732 8
148105100 8
1552963720 16
439601576 8
-908205765 2
917239799 16
538413641 2
-767165305 16
-8612028 2
-2022626999 2
328254116 8
415236369 16
-1465810814 2
454011199 2
1518460369 8
864925896 8
-2051915625 2
69626732 16
1873533334 8
-729416672 8
2093345852 16
1379828807 16
-172355555 2
291301354 2
327644551 16
79577687 16
606993720 2
-1095963377 16
1824422108 2
938853749 16
-865060898 16
-712899534 8
245503893 2
173920205 16
-616872856 2
1925505084 2
-1813391528 16
251483020 16
64313494 16
789101923 8
-1782388131 8
864332319 8
1527985229 2
-603023008 8
695293254 2
1127088583 2
2052266644 8
2144240689 2
-323068663 2
42783045 8
-2011294481 16
206228503 16
1276615402 8
-1217739972 16
-1527804988 8
1216708111 16
1009711567 8
1843713980 16
922793532 2
1479805434 2
-219980878 16
1502510975 16
1077590619 2
-390259907 2
975098070 16
491533832 16
-1753308499 8
-851193077 16
1296549447 16
1496500080 16
580872007 8
1499775917 8
788588080 8
-1210266707 8
124808114 2
713622800 16
-1445849497 16
-540243518 2
1636380426 16
994047309 8
-557388191 8
1480600905 8
-404188588 2
980235269 8
1785372852 16
-687180825 8
163420667 2
951446795 2
702498800 8
632852805 16
-1682586991 8
-1994624342 16
-1747842148 8
-1584323739 2
2135918641 8
-691059600 8
-580390536 16
2046190729 8
1231548948 2
-1214805904 16
469592410 2
-197610443 8
-1330259896 2
545421484 16
-288321821 2
156293747 16
-1869986820 8
1933967623 16
-1735103404 16
-574418198 8
-549255646 8
1551330393 2
-1770120183 8
-1858651677 2
-511899085 8
-335195474 2
-1053636687 16
-1629505025 8
-535027399 16
1681279096 8
-1831814796 8
1882327823 16
-2119161649 16
2145788868 16
-990702331 16
-1346899797 2
-1951337831 16
1505168482 8
-1554948498 2
482105212 8
-244003972 16
-9307604 2
1846255804 8
1086426605 16
1389505916 8
1080758995 2
-726812976 2
503658152 8
717540068 16
-1241499881 16
1020174892 2
-313867556 2
755083866 2
687869836 2
1195759949 2
-534491216 8
2000122681 2
75267278 8
461189910 2
-1128627044 8
-2118900924 16
-226290774 8
162258713 16
-847676319 16
-156270056 8
1347504865 2
-1582626940 2
-1693937575 8
-1104796325 8
1774968150 2
-865257073 2
-1975099681 8
816454234 2
1611200684 2
-793734714 16
1202194403 2
1125574488 8
13360775 16
-2124373425 8
1069657456 8
-260942713 2
-1020286266 16
831599181 16
1768888782 16
-1572440142 8
367231187 8
289860472 2
-209857906 8
451027411 8
1419573200 2
967197641 2
1978001186 8
-442758422 16
1842422417 16
1138206803 16
-1931847816 8
1343037573 2
-259596919 2
-1643544626 16
1328289282 8
-1888435923 8
-1762947841 16
-468001029 2
-1711519663 16
1805394209 2
1165312821 16
1108252741 2
265779864 16
-324811812 16
-2101194215 8
-681291544 2
435650043 16
507141073 8
-1521573230 2
263062379 8
-1072164407 16
-2141876517 8
883917610 2
-727018256 2
-1716490223 8
618890523 8
264232989 16
1610612328 16
84198136 16
1001945624 2
636686088 2
547293852 16
542150469 16
2101308500 8
2089357844 16
-178767522 2
2121750921 2
-717865434 16
599486176 16
555648550 16
1942812092 16
-853751739 2
364686704 2
480112568 8
1636405183 8
1600007463 16
1093912963 8
-386416992 2
-1949920234 8
-1494612892 16
-1711381970 8
-155246556 16
2032711898 2
1667772005 8
185047800 16
-1788708693 8
-1497513743 8
-1938922751 8
-227230502 8
1728489536 16
-835290561 16
688861393 16
-313816684 16
-18972604 2
1670910086 2
-1026001325 8
419782036 2
-1487423746 16
850183650 16
-1842234243 16
-783979042 8
-362229537 16
935170705 16
1892868412 16
-1771726941 8
-554307774 8
133107283 2
972402987 16
1741061182 16
-221418980 16
-2120169935 16
2106870452 8
-85815751 16
-1362681859 2
-1442283241 8
-815713264 8
-1618467138 16
986911577 16
-1810677572 16
-1961492056 16
1330300741 16
1698171494 8
-1473445447 16
23486669 2
-2091206586 16
1174370912 16
433427618 8
454638322 8
-315915995 8
64949614 8
-2137204479 2
-873127098 8
883386199 2
2104101365 8
1042768583 16
-1309407758 2
1584752404 8
642237911 2
-486060737 16
1890664831 16
-521930896 2
-1190489727 2
-884893944 16
34912931 2
763701664 16
-1343533710 2
-1931791904 2
-2090308404 8
307317144 16
-1565229909 16
358892095 16
1484554331 8
1399739733 2
-1703208680 8
-397307823 16
1286343337 8
2135278787 8
-276569109 16
1593209185 16
2091932223 2
-407669786 2
840440063 2
1365285843 8
-1011880873 8
887995686 16
-1478310109 8
-1782685980 2
-1671507150 8
-1863058237 2
-511134311 16
649210851 8
1962891638 8
-1291572251 2
-1777907273 16
923308965 16
-1920157958 16
1955831528 8
-2038134295 2
-884639544 2
1320604733 8
-26853644 16
226464825 8
-1718977029 2
-1801772770 8
1071898852 16
1522125939 16
992070913 2
881380876 2
-2130658793 2
-1834287078 2
840143923 2
1592180638 2
-854541541 16
-1590589468 8
1871487570 16
1694217721 2
1523590472 16
-811034939 8
272331590 2
289957319 8
-1118041971 8
668912810 2
-372874312 16
-83011538 8
389966746 2
1077004759 2
1777826014 16
343398657 2
489273970 2
1174315875 2
864985864 8
315314750 16
324687482 16
-1099531936 2
363348339 8
-1190949676 2
1075825178 2
-74667305 2
-681038197 16
-398468587 16
-1650742546 2
1887262838 8
-1670391150 8
2061802167 8
896974564 2
590342061 16
1189949994 16
-985806499 8
-939538494 16
-679145996 2
-1926105373 8
-1641867506 2
18995460 16
734913777 2
-1648917446 2
1931972881 16
-698739453 2
-1995855700 16
999987015 8
564962570 8
-911340951 2
1277573914 8
1522409509 2
794892581 2
1481975200 2
1460029829 8
133059409 2
-823435607 8
1160998386 2
1433511531 8
-1382795771 8
441335181 8
1543048356 16
-223808916 8
-489541603 8
222576043 8
-271861816 16
-739042593 2
1765754722 2
658271351 16
-1564277112 2
1989297145 8
432999083 2
490965109 16
-22150296 16
-2074751328 2
-2110548782 8
1121218866 16
-1419143877 8
1989489665 16
-360632943 2
1305925868 16
261882319 2
-1773763707 8
-1517236414 8
-2114000728 8
-280595548 8
-1717333365 8
269371325 16
976533177 8
590008553 16
157663349 8
-222096269 16
610438534 2
287897279 16
-2013772704 16
1921123726 8
1195526652 2
277811059 2
248863912 8
-2111920621 16
-43975273 8
-1213063533 16
1948916803 8
-1665733881 2
-2085369549 16
1942463342 8
-1356699148 8
1328858912 2
-1170029973 2
1594950093 2
-1428412901 2
540819906 16
1242995965 16
-426800218 2
-1888438293 2
-472062468 2
488232292 8
-62562132 16
2303948 16
534925719 2
1372885668 16
29674143 8
-1250529564 2
-418557980 8
-205862047 8
-2115176712 16
269485703 16
506237019 2
-1855467735 16
-1368777621 2
2098488757 2
-112147507 8
-1689997276 16
1905209513 16
-377871312 16
1969603448 16
-1850935307 8
-1228242894 16
1048803155 2
1676442091 16
-1196395606 8
-1236939415 2
-288695731 16
-1776589663 2
130944565 8
-1079018606 8
1971829781 8
-746526896 16
-909505403 8
160158044 16
1058639052 8
512993748 16
2069803803 2
759600409 2
1794355938 2
-2130176974 2
2043872497 8
-2089116745 8
-806187853 8
-1252921259 8
719263794 16
-2145584883 2
-464241788 8
571233378 16
147550448 2
581721650 16
-1797152260 2
-42671202 16
-1342893311 2
509784023 8
-261329575 2
-1126065076 8
-1096452339 8
850311059 8
1134489564 16
75767816 8
-991540745 8
-244135022 2
974524831 16
-2049627687 8
-221945959 2
-233037903 16
865388500 2
-610154471 16
-1974983944 8
224449659 16
60367288 2
-364146043 16
-1059379449 2
233480913 2
-355553728 2
-1385591330 16
-1095113974 2
-1799733702 16
1080613325 8
840124982 16
-654959396 16
2079883734 2
-1307234540 8
750038261 2
846611754 8
-508966612 2
2116124589 2
816982990 2
-1826809978 16
-1718497131 16
-955845877 8
1700392831 16
-1989618746 8
-545875072 8
9747066 16
-422061401 2
-1853940831 16
505187875 16
322404350 16
-1345201506 16
-1940033930 16
971707271 8
1142987863 8
-112049091 2
2063949782 8
1564783659 2
-2135954274 16
-1728260562 2
886224589 2
-286085441 16
273640052 16
-1525387533 8
-531783594 2
-573577728 2
-283364987 16
-2117031258 16
1153496012 8
315572528 8
182294510 2
-348180965 8
1074668985 8
847545533 2
-1194297251 8
-886458140 16
-1911932850 2
1441647032 16
-1425260512 8
-2002810797 8
504913314 8
-396465169 16
1101400172 16
-1746197468 2
-1970366844 8
-799513085 8
2032195530 8
809667728 2
-554201208 8
1543535130 8
1743553825 2
-1082035803 16
-347650442 8
-1124708999 16
2071470347 16
-1336072762 8
1300850698 8
1489938851 16
-888367964 2
-364411794 2
-1388008204 2
-49934333 16
-1334930160 2
-448330485 8
-1502381104 16
-1171096363 16
337307581 2
1558214183 8
-610791923 2
-1381110360 2
-301913475 2
1949397337 16
-611550056 8
-1220730057 16
-1636148113 16
-1558485721 8
-1624974092 8
1518414508 2
-214188465 8
-2134434220 2
164871757 16
-767868377 2
1679560385 16
1496491891 8
1642633753 2
1176674641 8
-1523039329 2
1048483874 16
-2004475642 16
1798206881 2
-827717723 16
1872953040 8
638515050 2
-1908341454 2
2014382379 16
792363726 2
1753979435 8
1188322755 2
1934099081 16
1336415349 16
2118981010 16
-593452377 16
-1412740853 8
-394993710 8
180895697 16
1243110625 16
-1046511357 16
2016667827 8
-338168046 8
1437259130 2
-467913169 16
1196313626 8
-540546923 16
236703124 2
1513234690 16
1227067085 16
1147998396 2
2069383310 8
1022875391 2
-1759675958 2
757000045 2
-363923026 8
-1266099 8
-1800742114 8
2087767671 8
-1751922837 2
-902119451 2
-847536426 16
2081996592 2
-1650506329 16
2090514902 8
-2137617503 8
879953622 16
-1138738943 16
948226275 16
2001394197 8
1745810273 8
-1869091930 16
-1379729666 16
1042272577 2
-55686954 2
510963515 8
-847283290 8
1543939538 8
-1423521896 8
-1173430274 16
-996892960 16
-962682435 2
1741168861 2
-1142397248 2
986702546 2
266601341 8
-410337708 8
1407289143 8
-170649717 2
1189574253 16
1132703241 2
583119747 2
-920232698 2
1560500118 8
-1212413727 8
1026109312 2
-2114085420 2
1738498576 16
-1006677933 16
1867905571 16
-523513137 8
1055161341 16
-284358067 2
-1453718424 16
-795601151 2
1297766226 8
-450571984 2
-891869344 16
-1027826517 2
1998760134 8
1432297188 16
-1987503674 8
1457663589 2
965476401 8
590545237 8
1892876669 2
-1646259025 2
304680691 2
931896542 16
-1928608860 8
1072941864 8
-1331051576 8
-1546638682 2
-2066186924 8
1643639552 2
-77407133 2
-1130346936 16
-517274246 2
-988862360 2
104371347 8
-1019921197 2
-197992648 2
-296182355 16
-473081505 2
-559105984 8
-1390119133 16
-2026745996 16
-330203434 8
-1768346359 8
-770608123 8
94043661 16
1427485237 16
-2060861882 16
1527562974 2
-1453172955 16
-1675628130 16
1500796077 2
-1725609559 16
-1273257878 2
2071866894 8
51891133 16
956924300 2
64147910 2
1493787538 8
-1994501878 8
-2031925137 2
-1347680133 16
960653467 16
-765432735 16
1924508097 16
1861535105 16
191035846 16
85419801 8
1325682535 16
-1969592607 16
-1779417967 16
1336792451 2
-618606670 16
-1807148287 16
741838712 8
1348744579 16
-45339565 2
874824976 16
1336865441 16
1958206398 2
-931620354 8
291668160 2
957230499 8
-186673250 2
-1231279588 16
-507932317 16
1295672835 2
1124065696 8
-1761863077 8
242976189 2
-370506369 2
-1866294565 2
869745470 8
-2126610510 16
-309035766 2
-1627510632 8
-1339766676 8
1429326409 8
-1451925839 16
1159381529 16
1484296887 2
1731575903 2
944769691 2
-1845283270 8
-61140158 2
11936091 16
-2077873039 8
-351311580 8
377390144 2
-1717442820 8
-406440922 2
-614861714 2
-716063666 2
1796189328 2
-2129237865 8
978520982 8
-1215268511 2
-1503177099 8
42591330 16
201243003 16
842491103 8
272172456 16
2030751673 2
-82162103 2
-902276236 8
1710945170 16
293600346 8
593809282 16
-953941343 2
1758842705 16
-995378311 8
203440860 16
868253128 8
1345380306 2
943895760 8
-1813598049 8
1077135658 16
1761653655 16
195046628 16
-1868941351 16
201295005 8
-1522158194 16
-1816345156 2
1096139509 16
449882913 2
2035195348 2
1487946866 2
-304440283 16
714958739 8
-1980205046 8
-163594439 2
822532026 16
-2111247067 16
-523180527 16
-1463712449 2
346215555 8
1173284412 2
222982346 8
-60337479 16
-437206464 16
453729448 2
-1454940573 16
1694099753 2
2010046238 8
319217796 16
1474168372 16
1177045131 2
-2036224961 2
732213838 16
1286970995 16
-283560223 2
1234086606 2
1412969436 16
1374816107 8
-971630580 2
-2030606832 16
-1283048356 2
-1128371495 8
-775265873 16
-1154558804 8
131423131 2
-1629094467 8
-1519963504 16
-1253322842 16
923414298 2
-1266352983 16
1839206004 8
-1087715547 8
263071091 16
-448578912 2
-1010954538 2
1428664735 2
1307308547 16
1767510135 2
-100389325 16
-1535518870 8
1784931194 2
-79551172 8
-391765420 16
-253383505 8
1090191495 16
-1035677180 16
-9018591 2
1888893254 16
-530192656 8
1007108236 16
1634177241 16
2011243916 16
-473224591 2
-2056732345 8
2057203440 2
-1555050732 16
663496671 16
1631757376 2
1055918995 2
-557865622 2
-212077444 8
-1049210116 8
-1866525087 2
1120034790 16
1642996510 8
1892088251 16
316500856 2
368540174 16
-885620817 8
-959826160 8
968778017 16
1319640916 16
-346483743 2
673782543 2
-839708408 2
204686799 8
-9934666 2
315279855 16
1556163129 8
-84465793 16
492852387 16
263721781 16
-1699641149 8
-2001860834 8
1196950846 8
-137085850 16
2100561925 8
-1111271493 2
-1929311841 8
692547171 8
-1833547377 2
332152448 2
1490133153 2
-313121910 16
-1931255349 2
-3852409 16
-408912788 8
-800307937 8
1414318955 16
1073445280 8
-890164410 8
-1622964592 8
-1672046254 8
1850539954 2
-379518151 16
1552681934 16
2089275534 2
135634951 16
-482728818 2
-534915293 2
-39236892 8
441475695 2
-1247659613 16
1650610834 16
-435511339 16
2032377977 8
-1286818165 16
1620554682 8
1827439359 8
-2070151311 2
302423422 2
1152416217 16
-1770733075 8
888710410 8
1647945946 16
-1197336188 2
412308313 2
266822189 8
1648052044 16
-2114594635 2
1455947863 2
-1590784521 8
-72794499 8
-18766324 8
-1103196206 16
-839720704 8
-1823967285 2
-76395526 16
1922739910 16
-17423431 16
-510570192 8
-336450457 2
1623320241 2
-1704130823 8
-1328819978 2
1927216253 16
-77089516 16
-1183650149 16
1708687285 8
-1616250318 2
-1789054057 8
2079201342 8
-172627968 16
1030486700 2
23638755 2
-1336136661 8
580485587 16
-1984110601 16
1627501838 8
1796132719 16
12581513 8
670993749 8
-326122854 2
515323121 8
548255436 16
-283100705 8
330683453 8
-293920157 16
706972638 16
-1765277827 8
-2097574872 16
2142543570 8
2004345414 2
-50725943 2
-1278489143 16
-2050674331 8
-1504552705 8
-1391095214 16
-1056311272 2
-1563685024 2
-14762318 2
662561734 2
2040665490 8
343836877 8
-1113705215 8
421411611 8
-1155699562 16
-951276060 8
-1287394198 16
-248579215 2
600864033 2
-112219456 8
-746888801 8
-762538878 8
-1103755716 16
-1950287287 8
2012475131 2
-1167136220 8
-1095226737 2
688259087 2
490365775 16
1119093337 16
1793957019 2
-1395837423 16
1872544257 8
-203073591 8
-464979447 16
-1933984177 2
-156910385 2
496695803 8
1432550379 8
-69418209 2
511696180 16
267100232 8
349465066 2
-486070962 16
-1980746963 2
-1635232042 8
-1672165590 8
1312603130 16
1687871681 8
-1058772710 16
1082071072 8
1697587427 8
1153870073 2
2026896555 16
-1529597898 2
-839919301 16
-1452158041 16
1468784980 2
1855368285 2
84954310 16
-1702882371 16
1832007718 2
2089284646 16
-1959800037 8
1115671319 2
-1609462258 16
1021278081 8
-1120647245 8
-541572788 16
-1230959408 2
-1030594740 16
-1940768980 2
-1139380106 16
1158273733 8
1182715068 2
-715704923 2
210521477 2
-1947764457 8
1794786495 16
-30110237 16
1086340223 16
-730579587 8
-749598352 2
-1238513641 8
-948648983 16
-339726934 16
1619057021 2
923252819 16
1939915858 2
977130704 8
-2047779157 2
-263425216 8
-1543495070 2
-757388502 16
1447878544 16
-1468007144 16
805713038 16
-999583014 16
210857741 2
241579422 2
1614149666 8
660289056 16
-1132102187 8
-1529844577 2
-1050568821 16
1111365616 2
1303937880 8
-1814444795 16
-1760589017 16
426666100 16
-2040560282 8
-323329264 8
1613655990 8
-327114400 2
-624100792 16
314803648 8
-1361350217 2
-251072838 8
1585193865 16
1847160228 8
-481760524 16
-1457594277 8
-1115860682 2
-227021 8
215282544 16
1688657145 2
1086897090 8
-1831853702 2
-1446896440 16
95992598 16
-1331217855 2
635490316 2
1239730474 16
-1543356593 16
1108866449 16
-775003585 2
614847459 16
-1917590130 2
1909889861 2
-1833502034 8
-1450388961 16
-1598080238 2
-1096282006 2
382823022 16
627451430 16
1844161318 8
-966197731 16
-350653165 16
-717692164 16
1529946214 8
983150915 8
767950716 2
1129325290 8
-272648310 16
-1583116534 8
2104824920 16
1930011840 8
1559423389 16
39622 8
1734007029 16
-461165204 16
896377671 8
-1179356395 2
2035843575 2
-249423351 2
252878232 2
830245550 2
1389291400 8
-754088705 8
1362800591 16
-188227925 8
1322157028 8
-2118217347 2
-607513032 2
319061110 16
-1537047498 8
-1311075255 2
1615888291 8
-1013880517 2
1007929865 8
1062329309 2
-965192366 8
-1705077840 16
982543352 8
-1650509396 8
-2077775714 16
-806059143 16
-1094664503 16
2117001235 16
-1228907234 16
1445263854 8
154633685 8
-578728044 2
267078058 2
-700804916 16
657842437 2
557989427 16
669697663 16
1566196317 8
-1789474261 2
383032265 8
-1507293339 8
-528184931 8
-997704846 8
493250316 16
523077854 2
-1281251700 8
-1535958280 8
1053275903 2
1518312366 2
1888064679 16
511867238 2
1753601317 16
-590282817 8
-1766983049 2
24352380 16
403430786 16
1319431573 2
1250416063 2
430527120 16
-1823949281 2
1528380395 8
-1512341176 2
-1553433054 16
1329698919 16
1470450621 2
-328563380 8
-2110740397 2
1130011983 8
969590895 2
-960473256 2
-448413714 2
-1929889491 2
1245397070 8
580107797 16
1354806455 16
-1548413314 8
727113869 16
-902684215 16
-125755463 2
-558319520 16
38032436 2
1147975913 8
1684240220 8
1490532111 16
-583235135 16
1376950871 8
-982325214 8
831697296 16
1959439465 16
1485279390 8
-1916581569 16
-784416038 2
1587177398 2
156705361 8
-1386475168 2
10176258 2
-1907090254 16
1247799149 2
-1186514030 16
445299736 16
1598346702 16
1160483735 16
1488347996 8
-248849986 8
1624931071 8
-536315616 8
705535106 2
-471691816 2
-888870261 16
908668445 16
-449364520 16
-2008659330 8
-1090642582 16
1242582930 2
-1435872597 16
2018228822 2
-221659760 8
1980067530 16
1357725663 2
-129671975 16
1371113599 2
-1092281636 2
1816528884 16
626980652 16
-1227311153 2
-873788735 2
-1247126354 16
-1953964229 8
632974277 8
18858038 2
-1177626640 8
-2134458842 16
-1222582049 8
1859803371 16
1988827597 8
-992465499 8
2072400851 16
213799496 8
454367 2
-614856564 8
1540986967 16
-882143520 8
-398678532 16
1527476281 2
-1304734635 2
623736058 2
-1861583675 8
-761585999 8
-972293086 16
-1396828073 16
-38435894 16
-21321488 2
-1375114377 8
-744875400 2
-60767233 16
-1351908492 16
1182992824 16
896835132 8
-1522994592 16
-1320426760 16
-1629886960 8
462672629 2
-1994654635 2
1707865321 2
1807377268 8
-450978125 16
-1737803764 16
-678323638 8
-403586611 16
-609637181 2
-1683617834 8
-49018189 16
265347044 2
1553834285 16
-574708764 8
-713209371 8
-1727596706 8
1922705472 16
1569473377 2
1386952086 2
1095318748 8
1971112530 16
-2032575944 2
-1637629646 2
-349243492 16
-1891998750 2
-1744876575 16
1792376325 16
1917246407 8
-1585357954 16
313882375 8
1854502021 2
-973507257 2
112590654 16
-260872947 8
-1890352018 8
2093431322 16
-1842424963 8
161303393 16
-1825878283 8
918959480 16
430578403 8
1090667371 2
314205048 16
1358749191 8
-1161596543 16
1036323589 16
203196591 2
1380229240 2
-668512116 2
1513465813 16
-228879884 8
989395401 8
1173680629 8
434793609 16
5638924 16
-1278943832 16
-892431642 16
-1279572151 2
428140298 16
786331583 2
1049099197 8
-2145069440 8
1915822248 8
-59834798 8
-1099496820 16
-187508372 2
-956884854 8
-1822432389 16
185742011 16
535764722 8
50992030 2
-833643881 2
462636011 8
-642784597 8
1218585600 2
-817773157 2
-806075616 2
-823744197 2
-1523025080 2
-2142852572 2
1023931454 16
1012236425 16
-1850358889 16
-1949211931 2
326162206 16
-1435020601 8
2113011533 2
84320521 8
1527953945 16
-399298561 2
522588216 8
755369847 8
-321939396 8
-1975991441 8
-239351648 8
670516983 8
2048846502 2
474828507 8
-85215512 8
-405019592 8
-1792035580 8
896784288 16
529172480 8
2079898023 16
-1229223455 16
972627922 2
-724199210 2
1657899137 8
-558152497 2
-1858259217 16
-1150321137 16
-1785756913 8
2054361082 2
-109965184 8
-1545322595 2
-688418154 8
-769883715 2
-582520436 2
1148406168 2
-1471333 2
1781903493 8
2059403968 16
474659588 2
-1600213615 16
1172231652 8
1565228009 16
-1514194766 2
656582608 2
-1030172258 16
-342696073 8
610609754 8
1449380293 8
-97489869 8
749294447 2
925876989 2
-1367882843 8
515400298 8
-715090201 16
-1628380120 8
177167268 16
-542839230 16
203991422 16
1966381606 8
-100866749 8
-655441999 8
-768524943 16
1556401901 16
-972198210 2
1997450339 8
-804281562 8
1589232490 2
1920094831 16
-1261610389 8
-1479674347 8
1493620989 8
-1052049950 2
25943432 8
842253177 8
-581306330 16
-650708964 2
1619660091 2
1772586618 16
-445674257 8
-1841960578 8
776268593 2
797194209 16
2099695499 16
1507427516 2
781555305 16
-2145257366 8
223094191 16
-1784759549 2
565892222 2
-257562948 8
-2037656093 8
-1747496067 2
651374898 16
1178923748 16
337898593 8
82557925 2
-2009289834 8
284855816 16
1746000948 16
-749316088 16
-967528819 8
-1734123435 2
24558493 2
858175055 16
53559137 8
2127315218 16
-1100779086 8
1121497029 8
-1240946118 16
723551621 16
-1212234699 2
29403261 16
1791547450 2
1088279008 16
1471141646 2
-282419153 16
-1649493672 2
1293039982 2
-1579998641 2
351451428 8
478377936 16
-1826344816 16
1736671613 8
1489245103 2
-2097604092 8
870750848 2
1694191041 2
-1063798071 8
-1456962514 16
-208406277 8
-319343510 8
-167756359 16
1888117725 8
870716086 2
-890156149 8
-687356328 16
301407480 16
632062187 16
-736154068 8
-2065740512 16
-1826686792 8
-409394014 2
-1495226683 2
-756235418 16
1962103681 16
-1489818216 16
1796319286 2
12754897 16
1463963102 2
2076354397 16
1400251591 2
1805411074 2
678867946 16
980054542 2
-525290155 16
1825336756 16
2105360471 2
-893582468 8
427630428 2
510956230 8
1661744176 2
1181679555 8
-2088907461 8
1644828261 2
-1961622392 16
1530860444 2
-412892218 8
19064350 2
2094955575 8
1920601039 2
1087690040 2
1945018271 8
-1079714334 8
-583560127 8
487633500 16
-2040454384 2
-2057397214 16
2098232964 16
-1605799403 16
644644177 16
-218881255 2
11561783 8
-89138802 2
440231018 16
1536416842 2
1331970334 8
-1126238882 8
-934013280 2
505425751 16
-396674854 2
-342530788 8
869478382 16
-110233390 2
-1232807491 2
1837473094 2
251692159 2
-2034022467 8
-1419422114 8
743651386 8
194604365 2
-443677721 8
-1762866220 8
-975507793 2
-1136245115 2
1131184106 16
-286019784 8
-700578724 16
-1649278155 8
1169025648 8
-1071008650 16
622373741 16
644599646 16
-1530374066 16
-1410171541 8
2060778673 2
682199977 2
-1231301892 2
1549185265 8
-2141455965 16
1025422693 2
413997778 2
1233535203 2
2048943472 8
-439197080 16
1008660113 16
-1546291247 16
-2022680597 8
1999302168 8
-1857501216 16
774843201 8
1023942040 2
-1484663961 16
813682506 16
1049440951 16
-1965115930 16
1022266900 8
218371358 16
402185540 8
-667350253 8
973341233 2
-1834306627 8
825805952 8
532882910 16
193020185 8
-500282244 16
42224183 16
-395490358 8
-675627296 2
947143352 2
-1544733390 2
2143514883 2
-1176423563 2
1994415080 8
2088865614 8
202966108 16
362045740 2
-1152970924 16
-1584489279 2
-2091130082 8
468462002 2
-1232733811 2
-452972596 2
-1514680120 8
-497143322 2
-1393113655 8
1308733469 8
939223160 2
1980417199 2
-658608001 2
-1806917005 16
1935001995 8
755251747 8
87043331 16
1038574413 8
862199188 8
-1825530628 16
823503723 2
35400466 2
-1862150205 2
576713524 2
-1492114851 2
-1441644533 8
-2111229394 2
1461282144 16
-409889071 2
-565369840 2
-524099506 16
-127551319 16
43360251 16
254455586 8
419530792 2
-972240312 2
225433081 16
-1121100567 16
-292449488 16
1695787900 2
46777318 2
669381659 8
2065522089 8
-1273000252 8
1734787613 8
-702597138 8
-1437516123 8
-168501223 16
600943799 16
-351459392 2
1741363504 16
-1875471320 16
-1443093571 8
-1748302192 16
802696907 8
-1692146739 2
1538972219 8
1222182052 16
-803831280 2
1233582263 16
1592098758 8
-357972154 16
2117498402 16
-1879486965 8
2121174359 8
1346527362 8
615217030 16
-682776837 16
1753588355 16
-1533065398 2
-1161789210 16
220231541 8
1606155961 8
-1804353973 8
1995631888 16
-1195975416 8
-746755599 16
-827791839 2
989958404 2
-959541426 2
507040123 8
-77754352 8
-1168021213 8
1584472695 16
462354665 2
1966732093 16
589118396 2
1805881426 8
-1400133618 16
-11698164 16
-714441379 8
2080066548 16
789010918 2
403917562 16
579008813 2
732460652 2
-68881846 16
1839087387 2
-897832922 2
2105121683 2
1926087739 16
-738930760 8
-1749441763 2
-1028347960 8
811565737 2
2063263608 16
-492851699 2
942862158 16
-657642509 2
-582255351 2
349743630 8
-1098033212 8
2027515838 16
1726173443 8
-1004816772 8
-1421488830 16
-7507381 16
38033153 8
-1752221882 16
1322231735 8
-2099320720 2
-586505781 16
2028253790 8
-1957790986 2
-689271506 16
800110589 2
360882040 16
1809593031 2
1849903955 16
-1255402636 16
774841600 16
-1902348407 2
2047710436 2
-658670552 16
1483402892 2
-1853653377 8
-1881791556 8
1738624740 16
560103342 8
1629024983 2
2072332228 16
331174521 8
412728711 8
-1566776534 16
1002707478 2
-1295025154 8
1002455668 2
1098288808 2
1969571827 16
1217972614 16
718947110 16
1026339644 8
-1276132045 2
296985292 8
1613203937 8
120656928 16
-1776301357 2
-1551141467 16
-202700676 2
-407119859 8
-461805355 8
1474949060 16
1702632171 16
1252143811 2
859666689 16
-2028742453 2
1255098862 16
1213564129 2
1387333458 2
-1699586444 8
-1407703995 2
738369953 16
1051781469 8
1432421588 8
728085495 16
2007512775 8
884065089 16
-219424816 8
-1759958255 2
-98519861 16
-1271673423 2
-237289458 8
1178983012 2
-804558561 8
-2021593159 16
1284356131 8
1910433447 16
-2124859796 8
-566168232 2
-2069595280 8
634676322 16
-1620465698 16
-631950512 2
-1016572859 8
-1155016130 8
-2107145524 8
1559729096 2
-446958359 8
608022364 8
424392532 2
-456244160 16
1084824845 2
-1957438820 8
1788880093 16
-1078244030 8
864335192 16
-1184902164 2
-1718564499 16
269125102 16
-908415940 2
1961479942 8
-137547072 16
-1798190111 16
-1985810734 8
-1143785566 8
-217838307 2
1817366918 16
635304437 8
-1173173263 2
974822247 2
-1040265217 16
-2017298240 8
-1491096384 8
-1180810536 8
-997637096 8
1367269079 16
-1715242502 2
-653123253 16
-731347692 16
965400082 2
74397765 16
-134529423 2
-1772154804 8
-1727438566 8
647483772 2
924156393 16
-684655774 8
-277092322 16
1399232551 2
-622609589 8
1391877738 8
-975479437 8
352958743 2
-1133893080 2
1672179301 8
-501070927 8
-167463873 8
1205608799 16
107880704 16
-861859522 2
951033728 2
-2142993014 16
-106616322 2
1674481679 8
1004277281 2
-197221230 8
-1198170332 8
-1569931759 2
2047496998 2
-1338646488 8
-428342532 16
1850965334 8
559188833 16
-969359867 16
-2080585763 8
632804528 8
-1562330787 8
-2136704182 8
1269008372 8
-1270358812 2
-914111201 16
539192887 16
-360906964 16
1943603913 16
-1423956102 2
-1247426122 8
555778487 8
1592664199 16
-1159391328 2
-148131219 2
-1456863362 16
-813316802 8
1836792517 16
-1927702485 2
-432447786 2
1582768527 8
1282237753 16
2107210722 2
887973838 8
-2050321135 2
-708735507 2
-365135754 16
-127394533 16
-654978448 8
-2079143277 2
1025113916 2
1915724831 2
1029069564 16
931160369 8
1292603776 16
-375595524 2
1019523400 2
-2075692541 8
315268665 8
551055188 2
626704886 8
-520956108 2
1458028751 2
139931329 16
-888660868 8
1573030102 8
-1530955564 8
1030678529 8
1368945825 2
1747549024 2
752862922 2
-157508841 8
1519380115 8
1112752123 16
507954077 2
-1907928711 2
469986633 2
2034862242 2
313706928 8
1357172701 2
264866705 2
1922372448 2
248479921 16
-1473336344 8
1097802076 8
-1825725318 8
-1590437467 2
884489690 16
-1971825525 8
-1097600662 2
-1788271446 8
-1746338961 8
1865612953 8
-239773708 16
-1378258301 16
1205179360 2
1991829417 16
-711091663 2
-937866326 16
-393338627 2
1359897093 16
-103720362 8
788872772 16
663552558 8
-569186015 2
242952211 16
2057867031 8
685393371 8
637546914 8
171840185 2
-1068894433 8
-1692556426 2
-357407810 16
-1842222757 16
301874121 2
-1144522153 2
1351236845 8
1219687592 8
-403892481 8
-1940803051 2
929178278 2
-177502841 8
-1865863669 2
-2108099629 16
-816289651 8
-1358366185 2
513068555 2
-1389081674 8
-411369879 2
-819586861 8
810313281 2
-1248492706 2
-155863306 16
-281911906 8
642992164 8
1729605458 16
-494795130 2
-2021931207 2
1509814498 2
1765952052 16
-1750966387 16
1082152378 16
-816390867 16
1255649817 16
1454947181 16
-1554906378 2
-1582047726 8
-382759531 8
-1405663482 16
1796330221 8
215967948 8
203679406 2
-1577812531 2
-2106634549 8
-518228755 16
-218785084 2
-844236073 8
1927348283 8
806108813 2
1828005811 8
235939109 2
372509771 2
390305164 16
-1391059559 2
-851999534 8
-135272671 2
-124926992 8
1416228461 8
-609322050 16
1720511875 2
-1061365129 2
1357462124 2
696648560 16
-1804685700 16
1981623156 16
1037835085 2
1611790913 16
-446445972 8
-677653492 8
402771749 16
148705303 16
1962959890 8
52353335 16
-212163792 8
208242589 16
1043963068 16
1651956631 16
2016709800 16
-582527434 2
-1344495430 8
-1354910192 2
1154458899 2
64174671 16
-1225949055 16
-823366693 16
-1228772144 8
733457825 16
1908143742 2
2063245969 8
-1339800081 8
264134852 2
1838146466 8
-1999928889 8
-1975229495 2
-1995343034 16
-1224297201 2
-1478956902 8
2142563444 8
-471016294 16
-1796801979 2
686789881 16
1420033567 2
272401043 8
-1402937744 8
734703672 16
1250142909 16
-1619518564 2
-763581783 16
1916892351 2
-2007242192 16
-668123290 16
-1519202061 2
-43011010 2
1218530391 16
997014807 2
-1802553886 8
734292375 16
-239350130 2
61471624 8
1173296380 2
-252075222 16
792058900 2
1380261112 16
1812172680 2
1971256627 16
-719574425 8
-442065184 16
636817840 8
64714658 2
1903557170 2
-1549946744 16
1963461539 8
582214880 2
1270029886 16
1433056662 16
-1589750789 16
-2095940049 16
1185100091 8
-1446578223 2
1012222921 16
1675136452 2
-505031274 2
-313339737 2
1695927672 8
-774828311 8
1602591048 16
1326838685 16
-1637203913 2
-1586708426 8
-1117334524 16
1913829554 16
-73592546 2
1388138104 8
1824491690 2
-989942080 2
-1121696524 16
-1015414457 8
1596693317 2
-428368381 2
151690153 8
-1564339068 8
637992355 8
-1275640753 8
1018159734 16
-1619441904 16
-1268005234 8
1410266989 16
1249915841 2
-324130541 2
-2007992584 8
1523597931 2
766479525 16
1880422822 2
-711538328 8
-1150272567 8
-1729015879 16
1538126298 16
-378418360 8
-2005890531 8
-1914684265 8
1447724815 8
962019200 16
1615932019 16
-1095706403 16
352021380 16
1093160390 2
1492981516 2
189674458 8
2059078381 16
443266396 16
-743073913 2
1094210934 2
1024477518 8
1578014028 8
-1269805425 8
-1948980866 2
-2072394945 16
-1542379827 16
-651273035 8
704042315 2
-752665349 8
1952162529 16
-706436325 8
1885687831 16
1601336177 2
692259671 16
-1798305284 2
-1125020558 2
-1307258269 16
-480829328 8
-1158307287 8
-450754509 16
513205951 2
205319997 2
903696793 2
-1441909558 8
1152899388 2
-740476903 8
-1299990692 2
-1686671674 16
-1241751117 8
1649375906 2
1435558403 16
1720431771 16
-2084343406 8
-264644105 16
133863023 16
1353150221 2
1619795196 8
-639526510 16
1455723335 16
-1515222063 8
191083736 16
-2040013025 16
-1642274024 2
-1142563013 2
-1669526067 16
-293447276 8
-461058846 2
507804925 2
-95490025 16
-1067449899 2
499707360 2
267227493 8
-1235516903 16
-630311616 8
1436822573 8
1296726830 8
572081568 8
-1979311039 8
1210461519 2
-1769374142 16
1464948153 16
-1606917429 8
-111624478 16
-1850235413 2
807482477 8
462061897 8
-1676571339 2
-1158743448 2
1769290638 2
1000028931 16
1986701243 16
373896677 8
-1370409861 8
-447428360 8
371740384 8
-1680486005 16
1666523358 8
1840890574 2
1512577141 2
1289834435 8
989591908 16
145748192 2
1575680105 2
106892059 2
-121083360 16
-1987227178 16
-1832636078 2
1957353364 8
1166302425 8
-2002740963 8
2084740167 8
-1374488920 8
-459571819 2
-906650824 2
837404880 8
-1999023908 16
-1013517461 8
-1393609177 8
860969459 8
1652641169 2
-2094739920 2
-73278627 8
-193182201 2
1623909830 2
1071574313 16
1143174032 2
-502621391 8
-1536203096 16
-510375205 8
-160347051 16
1858389439 2
1430398449 16
2065906136 2
2120134581 16
-292674221 16
735628399 2
-2041041083 16
-1824005472 2
-557094119 8
-1240306882 8
-286179634 16
-2089362525 16
410471321 16
1863246338 2
-1309625982 2
-1607723793 8
-1987738280 16
-1034114280 8
-1079706308 8
1955640680 16
1896046599 8
-710560666 16
-1127792070 16
-805109029 2
-908800310 8
-1096158681 2
-1054980608 8
-1074367943 8
248966490 8
-1616552066 16
1315207710 8
-1879649774 16
1348129152 8
-585644444 16
1544588605 2
-1371681396 2
-610294860 16
1611656602 2
-1996969542 16
-2061897797 8
224574444 8
707794298 2
1925225634 8
464402647 8
-721107405 8
34253519 8
96121335 8
-367280476 16
643026466 2
-76734781 16
-974334642 8
232279517 8
-1372097935 2
-1542280299 2
-2004400441 8
1174371459 16
56700139 16
-396278869 8
-1431663272 16
-1271400827 16
672643053 16
1926210025 2
-1560467008 8
1894960802 2
-1061173374 8
933595219 2
-1293091975 16
276428217 2
-1861867812 8
-1190033121 16
-319951218 16
-268019103 16
-1776998412 16
-1117548420 16
-13188354 2
-721772911 2
-864358158 8
-749951754 2
-1222598168 16
-1564712018 16
1118719457 2
531676487 16
190659808 16
-955586992 16
-2044473207 2
123476845 8
533137002 2
1683940619 2
-389883688 2
707644755 16
2104526533 16
-298416171 2
161002051 8
-1870070164 8
-48718561 8
1573422441 2
-1616028345 16
-690923415 16
48673033 8
-599458113 16
-1724431183 8
394252836 2
1378435883 16
-1152591315 16
1167639024 16
771384018 16
1286450327 16
-1126500736 8
-1020326028 2
99219311 16
-892745691 16
72385349 8
1905538036 2
458067416 16
-379210333 16
-1533502945 2
-359717690 2
270626742 8
1863509380 8
964316787 16
-1153469848 2
-216967813 8
1818811050 16
1726081305 2
-1153534850 16
363375356 8
2127368611 2
-686481761 2
-1457007984 8
1940992640 16
1639972793 16
526712343 2
-1025243325 16
192588907 16
2130587021 2
998788025 16
186381811 8
-360913789 2
-1227192505 16
1933271288 8
1020901248 16
316894416 16
1508861776 16
1307339202 2
340916043 8
749619971 8
1410057258 16
-1068328397 8
-581450453 16
-1303607897 8
1259424593 8
1558738898 16
-501322843 8
-447297058 2
-1011392133 8
-750977414 16
-636613383 8
74367298 16
-220809495 2
784802389 2
-474219677 8
1574582817 2
-341216627 2
-1101501249 16
-1319140980 8
-1331690934 2
1760649005 16
1864035536 8
-793409129 8
1950721406 8
2032520100 8
1957776193 2
-827732331 8
703068474 16
-1741020135 16
141629144 16
-1306023400 8
175807861 2
-1557241496 16
-158848984 2
1159777412 8
1724187493 8
-615830825 2
-1010217844 8
-735182859 8
1795913016 2
1118082258 16
-2103843934 8
-255770321 16
-1444835773 16
-66830784 2
-1259396220 8
1199367571 8
644819033 16
-716647827 16
-271863600 8
1245570492 8
-1468383901 16
-30904438 8
1545516169 8
-509085595 2
111498316 8
1982249208 16
-1948248512 16
-722339930 8
-1511641857 2
-1962010270 2
-240617765 16
656109843 2
-89934315 2
180735431 2
1514047964 2
-1642861136 16
1219407153 8
299959469 16
-2141518394 2
-1132407405 8
35832584 8
-56508331 16
-50916434 16
116128038 2
-934314561 8
-1415748908 2
-480711849 8
-1224040359 16
216021133 16
-1327308342 2
-280601109 2
1051226168 8
-2041039416 8
-1810631060 8
-695293018 16
-53052975 8
-1098363109 8
-1360410925 16
-1162075704 2
2062670872 2
-1383636438 2
-1153386632 16
1437831900 8
2100768813 8
1931393928 2
691727014 8
2003608002 8
1469168341 2
1866094682 16
-274140091 2
1707540462 16
-1068203366 2
1846557191 8
1872959370 8
378725065 16
1794571086 16
1627313365 8
-279952646 2
833307378 8
-2042064021 2
152368311 8
-619068773 16
-314911571 2
639668141 16
-1253528373 8
-1879003489 16
865073424 2
836112677 8
309947474 8
-1035643925 16
1448846088 16
1359840585 8
885914699 2
-524114990 16
-500448577 8
1964498648 16
817573019 8
1324775834 2
-841200710 16
1972191417 16
1308283468 16
-1046805820 16
33935709 2
-1035451134 2
-268172793 16
-559412073 2
-48382195 2
-1704135081 16
-1132721751 16
1337316843 2
-1087070085 8
1888720538 16
2045854470 16
243176724 8
919992841 2
290513446 2
847072986 2
1659041151 16
1552012893 8
-591760166 2
629791494 8
-417353031 16
-932178891 16
-1812083341 8
648111535 8
722772288 8
-688506567 16
-4214507 2
-1356526737 16
1792973821 2
945481269 16
-279192487 8
1090808930 16
-586613329 16
151489673 2
-620463406 8
1558257159 16
-1240727228 2
1160451956 16
1619684956 16
-568207848 2
-2059521389 2
92767542 16
552491405 2
1954795294 16
428628647 16
-1943477912 16
429243582 16
2044454883 8
1367939397 2
-455536143 2
1553832688 16
-2041009052 8
1607667528 2
268289915 16
-137474044 8
469990365 8
-1072167608 16
-1572716539 2
-1602666487 16
1566376365 8
-689608388 2
1717804182 2
315397740 8
165314062 8
35500041 8
1566184305 16
-1111580798 8
1965986714 16
-1035329649 2
-2059308789 2
-1932099748 8
-236596083 8
1078643141 16
708973119 8
507850998 16
685804182 8
133484935 16
-1610194465 2
-2025079370 16
642740707 8
1225981248 2
-142073402 2
248106254 8
-1750647115 16
1217165264 2
798359528 8
1639397465 8
2098938286 16
253129323 8
-245066880 8
-1543680460 2
366443888 8
-720904854 2
743761957 16
1850864809 8
1329667073 8
-1341033859 8
1018621564 8
355851905 2
-563959851 8
-1732297648 16
1602908483 2
981346708 16
1697581466 8
-638888938 16
136049657 2
1002070942 2
1444215101 2
99739325 16
992930736 2
-1159714225 8
-225553784 16
-1194493035 8
1991157688 16
-2106072663 16
-2131071612 16
-1129610920 2
759286475 8
799060221 8
-1202977557 2
1206814577 2
1456491839 2
1739323802 8
1380079961 16
-1226953953 16
731330956 8
209980131 2
-602412168 16
764256980 2
-823794259 16
270868554 8
632541018 8
-1066673888 8
162627363 2
-924251490 2
-1004111911 16
-1863595990 8
801104859 16
-674309208 8
-395695291 2
449327911 16
-372140482 8
-1874517870 16
-474964547 16
-217198438 16
-2086262328 2
1022307005 16
-7852534 8
933057428 2
615659063 16
616339452 2
-1084537434 2
591454685 16
36396063 8
864123383 2
956511761 8
1238191041 16
1045218864 2
1208772116 16
403553420 2
-1916684720 8
-1108509902 16
-360801622 8
1985037734 8
-2029947729 16
-1018123715 8
1448739247 8
-303691472 8
198799655 16
-219661841 2
1551189644 2
1090257606 8
-127579365 2
-1124584405 8
309861830 16
-1121042026 8
709423905 8
-563486377 16
2107294961 8
-1810908592 16
-791825830 16
-1293151993 8
-1349934731 8
-426288889 8
1167283218 8
-1458455330 8
-2001996058 2
-1787894994 16
46694830 8
645292899 2
-1290652587 16
-1851537059 8
1064449535 2
1746362800 2
1408800494 2
-481943734 16
358763307 2
-189455579 8
-1422961094 8
354095769 2
638161772 8
-627097694 16
-483599690 16
2077378854 8
-311396211 8
690503554 16
-946023190 2
1271939962 2
-162011680 2
2043015383 2
1553337845 8
368507944 16
-2104695399 2
6657255 2
690637248 2
-1621785142 8
-2134482890 16
430615196 8
683244986 8
2028600145 2
1721334691 8
-1565154497 2
92736900 8
679774885 8
-1195408005 2
280985036 16
-1745974593 2
-1787381692 16
2010637627 2
1826972800 8
768043684 2
-1825328010 16
-246541463 2
1242333912 16
-239631222 2
1305834784 8
-1486779584 8
1822890296 16
-797459308 8
-1525307167 2
-754338148 16
1060180391 2
1483459241 16
-147993992 8
-241654331 8
-2129051377 2
-600664756 16
-273970692 2
81463799 2
1904385061 2
472175721 8
-651436667 8
1646021724 2
2082208093 16
75375044 16
568393300 16
2470885 2
-984692117 8
1127152309 2
1190122966 16
-149014470 8
-1841786628 2
-1001765183 16
699646964 8
2144875872 8
1582783965 16
-1016213336 8
-902761835 8
1137865864 16
1348661724 16
617475071 2
505536752 16
165906375 8
-1088625865 16
-1881149255 2
-2106165373 8
384537860 2
-1235652024 16
884130577 16
1930073286 8
-342985060 16
-1688823711 8
992581543 8
-438720494 2
-624019716 8
-95367103 2
-1304408709 2
-1491333335 16
1630290168 16
-705295682 16
-576243726 2
-1217012937 2
747694386 2
-57003610 16
1746076624 16
-197942272 2
-771987343 8
1189822912 2
76229148 8
-2112042669 8
-100604381 16
1143008985 16
-504352703 8
-117342209 8
-179165333 2
1249831172 16
-1430408269 16
-453481691 2
-647614130 2
1211317186 16
1431076223 16
-2074133616 8
-826000491 8
-187941045 2
1588274063 8
63792771 2
1141354181 2
1673274834 2
-1603894019 2
-975554177 8
-1276873085 8
-1156309973 8
-828289676 16
760213174 16
1107751241 8
1780890351 2
705705313 8
-1594101384 16
-1266506170 2
2035814619 8
1808246755 8
-1224033740 2
-329885727 8
2137892869 2
-737336229 8
1803048149 16
1132300866 8
1975793973 8
1450343525 2
-1567494375 16
1073656426 16
1781392047 8
1429273913 2
1769777265 2
1136467889 2
455289588 8
1291138549 2
1254963357 16
-937804132 2
1548498187 2
-1925670775 8
-245286170 16
-1181004485 8
1671347750 16
969068035 8
-2107147291 16
921585868 16
358419981 8
-1500678190 16
835138640 2
1448523344 2
-336584799 16
555217762 8
-1798530927 8
1772635869 16
-1313221068 8
436397322 2
1925885958 8
844100851 2
-1191896816 16
2068637685 8
-918880207 16
761964812 16
-39806699 2
73033749 16
-1677303313 2
-612267949 16
-794164971 2
-22689549 8
-1959458910 8
-1552262450 8
440222633 2
1820155365 16
1394426483 8
-1400656908 8
-1345551610 8
1311259014 8
-1510705630 2
1616372533 16
-681494375 16
1632389524 16
-1580480126 16
-1832166275 16
1329863826 16
1329117827 2
-289161714 16
1877832984 16
660241752 16
-857565026 16
556230000 8
-1505375773 8
1513406553 8
1333499619 16
-1149471395 8
-311212761 2
-523610163 8
2027432970 16
-1415361064 8
-1146445330 8
-1683353680 8
-389215797 16
744414057 8
8612223 2
-105232349 8
-1969117439 2
-1723518388 16
-991328804 2
1813101939 2
-1144797808 16
1730732240 2
764607735 2
-34713144 8
2779874 8
597093646 16
-172983596 16
374727684 8
374010363 2
483115269 8
-2005797851 8
-1868836223 16
-469434870 2
-97868965 8
1368638998 8
1115669423 16
1685644898 16
-521814069 8
616921318 2
-253351938 8
292796077 2
1083855499 8
-1037312590 8
645504046 2
1788369990 2
1048877819 2
355386798 2
1622907894 16
437095567 16
109501776 2
-132522939 8
1204140029 16
-1799035992 16
-179498641 8
-1999989650 16
-625095680 2
-1629805117 16
2001268226 16
865882305 8
-2138869564 2
93069711 8
-318441069 2
-2051849606 2
-730156478 2
2026665075 2
-1670707528 8
575015227 16
-1783750219 8
-1341923795 2
1052147245 2
574065632 16
1081228284 16
-148039304 2
2119642409 8
1449470146 16
1321712069 2
-1029387370 16
1526276327 8
1277487374 16
-1786899561 2
-309444073 16
-522691791 2
-86536928 16
1373881860 2
-13066961 16
755054990 8
-1769614065 2
-1470038605 8
-1960668179 2
-1342702295 16
1691961910 16
1398867721 8
-1726834877 8
-1697688545 2
105812467 2
920865301 8
-673579103 16
-685626939 16
1114354941 8
-1245258160 2
47187816 16
744013534 2
-2076626454 8
277256465 8
1015065539 8
-1417784775 8
-24336743 16
334483914 8
-1834626543 2
1240829560 16
-596564195 2
1168973295 8
-1039623615 16
-1273347778 2
653324370 2
-1216713909 8
-124153028 8
709474231 16
-263742886 2
1160810901 8
-1142922973 2
-1448427286 16
-1290684218 16
1244259098 2
-1007248106 16
-1307065812 16
1760000962 8
-1721007630 2
2062877822 8
1215531363 8
-1382256181 2
791559087 2
179761449 16
846768756 2
337575867 16
-1406431468 2
-2081343904 2
1220045367 2
681790038 8
-2133958781 2
-2001985560 2
-1622072525 8
-1406203949 16
508626175 8
1421574636 16
583883173 16
-872597690 8
191478352 2
1793040100 8
-1147424762 16
204605783 8
-1321722352 2
2093255055 2
-922547666 8
-198483603 2
-1789480465 16
-760867406 2
-1080952354 8
977087965 8
2120310914 16
1461025681 8
-1098437560 8
-2068845984 8
1682970578 8
-351387559 2
869020825 8
-1279373665 16
112434325 8
-641635593 2
1694671650 16
-598575682 2
825778004 2
993382107 16
-409061496 8
-1665838827 2
-1599161436 8
-140664407 8
370285930 2
-27334505 2
-1705296018 8
-1554742438 2
-1592855817 2
-705531531 2
847081120 2
-1731111699 16
-1585476230 2
1799648973 8
1877855623 16
53313139 8
662385129 16
207242426 8
684839041 2
559796454 16
1473379752 8
-102946429 2
1577046942 8
-1774458623 8
1850251249 16
2005617008 2
-2134258250 2
697050697 8
1322782621 2
-1057689948 2
373084701 2
479722895 16
1953756850 2
1611191153 16
76377905 2
-2053948563 8
1789946924 16
1243085254 2
-888114972 8
745572828 16
-2147362062 16
-1156882850 16
-500553341 2
-148026077 16
-349644236 8
-1007884890 16
-1331933090 2
2096304149 2
1871843337 2
-1764189777 16
-1795347082 8
758432704 2
-674593543 8
-734402859 8
149497416 8
-2081762422 8
-1575358412 16
426532548 8
339898890 16
-1568422816 2
620209020 8
-432522849 2
-756613105 16
-1682815305 8
-576686192 8
-1084399969 16
-1999751488 16
1204753216 8
798408205 16
-1865350169 2
1592260281 2
687459798 2
-1269367213 16
-1671997297 8
-1840868574 8
-1824399898 8
-1560252949 16
837133285 16
-1644968242 2
337077875 16
-1845926387 2
-1072958846 16
522563406 8
-1175097336 16
-1204451356 2
1322567053 8
1964244234 16
-885751804 2
-557822296 16
851349866 2
1535655769 2
697327860 8
853317498 8
166448294 16
-724283135 8
376971762 2
-1709427350 16
-61294014 16
-2079929674 8
1818311673 16
-850571939 2
-1697089729 16
-1685764062 8
1066896587 16
-930531488 16
2056576296 16
-739357648 2
-403650815 8
-2020117359 2
-2053595201 8
-1380614195 16
-437893825 16
860513500 8
943631760 8
-1791524830 2
-960967734 8
-654327319 8
-1560427143 16
1999739334 2
1629889388 16
2063855282 8
-906258829 16
-2130099333 2
-403675270 16
-1478250340 16
1144785613 16
1722683022 8
1993879344 2
1608896854 16
-1602712739 2
809407954 2
-1360571956 8
430666719 8
-842279591 16
1853705557 16
-1435070194 8
404998732 16
-312720443 8
555385202 2
558324199 8
1577023314 16
-1842418432 16
-205987806 16
1483999259 16
1637468865 2
1976505078 2
173483526 8
-1356743242 16
1725640189 8
-130802094 2
-2078077448 8
-1216158935 16
-855370884 2
814832165 2
992196750 2
1456016963 2
-272988894 2
-170804287 2
-1702659439 8
-1965840814 16
-1301958595 2
811161151 16
-1473942881 2
-1799837484 8
206385492 16
-961593766 8
-2048756222 8
408653898 2
-528589462 16
-330430064 2
1254325754 8
-1087848934 8
-620364661 2
1250671091 16
-1987369147 8
621609778 8
-1655991507 2
-602733743 2
-479355146 2
720258171 16
936303609 2
621193982 16
-429945233 16
620702217 16
1443986097 2
1282620374 8
347286373 2
-760696929 2
-755330040 2
499691029 2
-1390584009 2
1192943328 8
-924443494 2
1829190925 2
-1563706102 8
-1816442728 2
2074389557 2
189469721 16
-123813309 2
1534296074 16
1872596939 16
-1143658767 8
-1708209123 8
306966326 16
-456168141 16
1371326550 2
2095638176 2
1379120978 8
-23770785 16
-1779517096 2
1610429166 2
-2100710168 2
-485245934 8
-490777793 16
-773846080 2
1717734820 2
270562930 8
169881119 2
-2058189507 8
560557142 8
1669843541 2
-1690570973 2
138233862 8
-2051790350 8
-646423598 2
628276176 16
-616372229 2
1005116761 16
367323331 2
-1787142657 16
-1348912176 2
1107259000 2
-1579697732 16
-1979156906 2
256537163 8
5381331 8
-77156909 16
-1320613873 2
-333145291 8
214684821 2
-985572939 2
-2092008680 2
-1661848313 2
1880424783 2
-676748879 8
-1911279445 2
-1246170472 8
-324910086 8
632795933 2
410905251 16
-1791561956 16
-1450533743 16
1121646589 8
-967283621 16
892522586 16
-910539313 16
-1969905691 8
-1121804780 8
2046346551 2
-1828402603 8
-90830575 2
-575208942 8
-1975721538 16
180704574 2
-385820894 8
2117583537 8
-164735403 16
-57345391 2
-590613654 8
1929852221 2
-701748749 2
-1207370914 16
1312322113 16
175169548 16
1847876832 2
373331431 8
1762375663 16
-1563600727 2
1531073324 16
-1670479671 16
902707494 8
-2046415067 8
-59818938 2
1821676157 8
86905020 2
-448475689 2
-1858682363 8
-1323220093 8
-1015726 8
983376135 2
867920314 2
1998669028 8
-1963137922 2
-280153591 16
1509050659 2
-1851122127 2
323532816 2
-564256929 8
-1580617890 2
-1820321570 8
-1806784308 2
-1855660767 8
-2108772215 16
2060824972 2
149053054 2
28917609 8
-403395085 16
-1709711634 8
1059887628 16
1206846503 16
1364354110 8
311297910 8
2125742776 2
-1817294323 2
961264612 16
1954676810 2
1572016221 8
2083491323 8
449206129 2
141747829 2
-249051081 8
1877073911 8
-30319580 16
1906515013 16
1555016535 2
-1441203979 8
774960936 8
-1715620076 2
-686439046 2
-972882995 2
-1481136908 8
-1687626701 8
-1286874622 8
937883563 2
-1470862749 8
-1316822755 16
560413099 8
-1538725694 8
-1713616635 8
66818405 8
-667535715 8
1012752659 2
-830507681 8
735830069 16
220566283 8
533367483 8
-753786499 16
637531569 8
347839356 2
1644590798 2
-1922446687 2
692266324 8
1442544011 2
-1251005809 8
686762799 16
1301942992 16
-1780501950 16
-722521205 16
1978934604 16
527602341 2
810527147 8
1042374135 16
1576767694 16
2146788628 2
-1109819764 8
548463657 2
1362413867 16
1492394966 2
-204495382 16
634132326 8
1489236374 2
-1719761295 2
-846100671 2
1855449720 16
210475769 16
1801896784 16
-226284273 2
-2099566840 8
-244469926 8
-615915205 8
662369128 16
1882101982 2
1137627716 16
1256456395 16
1531868252 16
379189759 16
-1807055164 16
1956454588 2
-1087051626 8
-397397987 2
264373295 2
-1488447029 2
-968192152 2
35051146 8
-1154952054 16
910809256 2
-564608768 16
1822583857 2
-208620516 8
1956704835 16
1022247551 16
-262902863 8
1472818569 8
278143173 16
2051142308 2
1712158585 2
-2039296119 16
2056731790 16
883534665 2
197414785 2
-1335665040 8
78366954 2
1430870652 2
-562145495 16
1043721396 8
1778644076 2
1002477737 16
-1106744491 16
-1557604534 8
954126286 2
-1159846870 8
1083974512 16
-138988879 8
-1115977493 16
1236773885 2
2017024657 8
1767589529 2
1323687820 8
-1697821162 16
-1426426069 8
-12703925 16
1884247831 16
1052836089 2
-728572741 2
-1799874564 2
419602194 16
1849865636 8
-264724010 2
1839824083 2
671504901 2
-2080712981 16
2013870890 16
1792909378 8
-1794919608 2
1358110183 16
1318252011 2
609157126 2
-299126339 8
136150644 16
1016390632 8
-1284697427 2
1521810543 16
1628572463 8
987751575 8
712299804 8
-1712170760 16
1515547857 8
-1326326325 2
805231979 16
-66871998 8
-1618178060 8
-65534306 2
-702976894 8
114473907 16
755345042 2
-1065771305 8
1909889566 8
-8120645 8
-1679000127 2
580452585 8
-1264461499 8
1967744150 16
-1392371681 2
1501252699 2
-1118079293 8
2042900655 16
625577171 16
769703482 2
360309046 2
1546071911 16
-1410657384 8
34050029 2
-958729518 16
123200352 16
-905483867 16
-705786713 16
289441469 2
230053067 16
-928930047 16
1540558341 16
633529169 8
-144766784 2
-1429668849 16
1294423653 16
-198637177 2
2016948875 2
-406902441 8
1342932622 8
1159275412 8
1413592445 16
1583507610 2
797875868 16
1135300576 8
-1439944056 8
-625845072 16
1172021463 2
1340196103 2
-28760191 8
2042026559 8
1976010780 2
-1131893375 16
-31230823 8
1014947182 8
64438419 2
2071613295 2
-1758392553 2
1397171080 2
-1889803038 16
-477271166 16
-1684352407 8
307070296 8
-510005050 16
-1336350836 8
1790815906 2
-12864090 16
47889994 16
-2076955902 2
-774717235 8
-8324931 8
1432528477 16
-1019066044 8
-1595030741 2
701468673 8
-1325579975 2
663077801 16
1517624300 8
73277166 2
-1297420519 2
1036852198 16
322994817 8
-1053650441 8
-1710249799 2
-1815077802 2
238974872 2
-622651956 2
-518470670 2
302675576 8
-1604882421 2
1524412561 16
473150794 16
867560519 8
337710172 16
-240174963 2
-116865555 2
-1263016820 8
23011384 16
-648198291 16
1336291227 16
448721718 8
-1730017208 16
763806159 16
1702281795 8
1501870979 8
-340602786 16
-1898580982 8
1031843414 16
537061667 16
49166399 8
-1155599551 2
1858042150 2
542642008 16
-139226382 2
-1045447383 8
-687860442 2
2058127993 8
1152423607 8
1586436283 16
1915885419 2
-1927518802 2
-1126520937 8
236500171 8
283020404 16
-986723509 16
-294076500 2
-1397763931 8
-506553731 8
-2030252128 16
-652580054 8
218272057 16
-792817025 16
1279605054 16
-288678468 16
-995778439 2
2095381751 2
108615637 8
-2030321655 2
1702060594 8
-661000263 8
-271526493 2
-1960692367 2
846755558 2
1513275437 8
-141080061 16
1712216887 2
-1517322144 16
807701795 2
-2091684152 8
1645013862 8
350872843 2
1503303130 8
328265206 8
-750330338 2
-723652178 16
260478791 2
920924448 16
1940901937 16
-734842164 8
-942209625 2
-824660196 8
1105870721 16
2018092435 2
-1279678783 8
-109823463 2
1227922349 16
792944275 2
-1690223981 2
1236708165 2
781595710 16
-1546180732 16
538469323 2
-1305446904 2
-698430282 2
145524627 16
-431790293 8
1106414705 2
736895780 2
-720304898 16
-1940575733 2
-532311077 2
908776903 16
2001098094 8
196388561 2
1218429108 8
337764073 16
372678893 2
-386100261 8
-268106883 2
-886990286 2
-890084112 8
1076363477 8
1370636325 8
1691603044 16
487897359 16
411815595 16
-896576856 16
1657227896 2
1274043363 8
-1036882891 8
1053578274 16
439658172 2
-777080977 2
-353389844 16
-719562528 16
1985479728 16
-74671241 2
-1595360278 8
1526502133 8
831394469 8
883480562 8
1185811846 8
1565755860 2
-1323903461 8
1953280699 16
1420277878 8
2023793274 8
124520392 8
-22441628 2
-984781706 16
770468745 2
-1108484576 16
722632300 16
-338208965 2
605471274 16
-163502025 2
275453112 16
-914534121 2
378194409 16
-397731488 16
-1772979386 8
1940955686 8
-904085073 2
-1682166230 8
-682763599 8
1809009602 2
652585742 16
1858058830 2
1509974971 8
1683752901 16
-593629402 16
-772566445 8
-769438950 16
1848389014 8
974741422 8
-1522476560 8
-1764216294 8
173425323 2
1756811710 16
985739166 16
-1718698590 2
1249707724 16
779271017 16
456302123 8
-42325468 8
1036297422 8
2099242761 16
-1785520943 8
1093406649 2
311876817 2
1618604861 2
769676480 8
330007530 8
-548251069 16
-1053339701 16
-1379183734 8
174781054 16
-133817559 16
130196997 2
-350592046 2
-474247076 8
448231021 2
-85040350 16
-1016309004 16
-2050418285 16
-362473411 8
896892493 8
-1949106600 8
184585492 8
-1734009947 2
1552915587 2
-93507576 8
-68735052 16
-1275173378 16
9633522 16
766495904 2
86742297 16
1181403280 16
2024526643 2
588349752 16
-256677515 2
-1778018270 8
1992756384 2
1651007937 2
-1767207783 2
-1177657775 8
-342813731 8
-1951308935 8
1590209822 2
-1858704505 2
578774325 2
873415820 16
990579018 16
1062594438 8
736882369 2
2080090917 8
-1542561458 2
797290066 2
655770545 8
2057876426 2
-1773305952 2
-1638851509 2
2133405895 2
899894217 8
-221390463 2
379256986 2
1329416419 2
752692613 16
63752946 16
1681626420 16
-513037734 16
1386475964 16
-987622635 16
844058681 2
792751589 16
-1278133623 8
-1021666971 8
-1360430558 2
1465737613 2
-1444315288 16
223824585 2
1929996309 16
604974837 16
2041001458 2
1313276078 2
155120480 8
-989581925 2
7910668 2
1844975941 2
440139697 2
828147964 2
825931535 8
-1915599733 16
-109539779 2
-829266560 16
-1349016084 16
1258632800 2
906787532 16
-213545790 8
1773758596 8
-1242788668 16
-1289887979 8
-1092901729 2
-1387575272 2
-168304192 2
-859519744 8
1421948624 8
-1804579069 16
2072304400 16
1008889022 8
507082582 8
-1148862211 8
1390871333 2
333219228 2
-710686719 8
-239900581 2
-1172001404 8
-1131451666 8
-1322442168 16
-291891526 16
782290467 8
-831248965 16
935238397 2
1339634133 16
-2121169897 8
1062986058 8
-1586097826 16
1466556450 8
1324525252 2
-1823067256 2
597304536 16
-1845502273 16
636622202 16
1935695512 16
1280016460 16
-1992715262 8
-599064466 2
1778414691 16
131543148 8
-1589254182 2
1597525624 8
1261089570 2
-1460407037 2
-1351074205 8
830564091 8
1886128213 16
-213586115 16
1233644914 2
-1678300078 8
-2014771311 2
-2091118698 8
-554187650 2
-783045270 8
463724772 16
1868653094 16
-2013122451 8
1098229094 2
-1251395798 8
34030637 8
-1014853539 8
-1242873406 8
1082428876 2
-991639031 16
801395396 2
1857508329 2
1637677157 16
974802332 2
-315443354 16
1270534507 2
-1090760755 2
626159243 2
1296145345 16
-715307665 8
-604759761 2
-1083311961 16
-2121338479 2
1490518515 16
-1275504512 2
-1000072418 2
-136057053 2
1381257301 8
-898062587 8
-1132296757 8
-1454665599 8
1547441671 2
-1833975774 2
606311371 2
-1676795039 16
1212596908 2
-292107863 8
1751057665 2
-1834654841 8
-203297961 2
1851595736 2
1698770059 8
-2139542673 2
943113369 8
1574176026 2
1788649745 8
-882751595 2
-1843175729 2
-1772070661 8
-1642181174 2
-401131817 2
1244599061 8
1037915988 16
-859796602 2
-72955625 8
2097673070 16
-1933906215 16
-1523332167 2
-2053349044 16
1356566218 2
-438339423 2
1271232356 16
-1837159679 8
2090691307 2
56148932 16
1750681919 8
-1348944407 8
329969659 8
1594489697 2
-682194719 8
-509000488 8
-264983222 2
-504119748 2
734933544 8
2098977850 8
-721647997 16
-114591105 8
926118745 2
1343761264 2
1183348392 2
-1990902132 16
-508371144 16
-1573745918 16
1663312017 2
-1653986093 8
1387268363 2
1968461431 8
1991742630 8
1589315274 16
-121812168 8
-2093833311 2
-629704186 16
1488400565 16
934419571 16
-1504908167 8
-1958177932 2
-1999084012 8
-1181249411 16
2107132660 16
2071917151 8
-161650320 8
1153977786 2
851800922 8
-470284837 16
-1113701816 16
1962126265 2
113470591 8
-1617360725 8
-611330874 16
-862536987 2
925753625 2
-836839011 2
2120913249 2
555403386 8
1664804659 2
1931903584 16
1147526118 2
651301596 16
1336689586 2
-508975416 8
2045453826 8
566384089 2
-143093607 16
614468895 8
-579724399 8
226636651 16
429781418 2
-795532176 2
-733130719 2
-1999390496 8
-794774248 8
2045169037 2
109866650 8
-958255250 2
-56275654 2
-70889347 8
2033588732 8
885326530 8
-1937229674 2
1899792902 8
1297418433 8
1097940967 2
-80465973 16
-751682203 8
124445832 8
1130286005 16
62319635 2
-1875952405 8
-751922948 16
-1496520836 8
-360582902 8
-253664338 8
-1517555251 8
272716686 16
637517267 2
-314240575 8
1302067253 2
-296265159 16
-185663290 16
394862371 16
-938347219 2
-1720976986 2
-1719076122 2
52810696 8
-1946684772 16
1218808971 16
692282679 16
-1476346006 2
-1817423329 16
1359210781 2
-940032122 2
1050602968 2
972391350 16
956164969 8
-1841417805 2
-414206253 16
783258504 16
983304311 2
-23605301 8
-1237804900 2
-1896362304 8
1740421269 2
681135425 8
-652640093 16
784872712 2
1209288604 2
1090767792 16
-270835616 16
-445014140 16
589983666 2
766206196 16
1050933811 8
-903178969 2
579142958 16
194825090 16
-1667876587 8
-158474187 16
1500638588 16
1149457376 2
-480172204 2
-461320527 16
-372763272 16
-1141518013 16
2111071947 8
-1214356830 2
913480608 8
-512132972 2
-969725899 8
1332506409 8
378730860 16
-1011376157 8
967314631 8
2034878472 2
311409729 16
1293205563 16
922665599 16
2114188936 8
-409035912 8
2098712808 8
1368688832 16
432044210 2
940775542 8
-1776705275 8
-1489787201 2
1571750203 8
1228706015 8
-1492690282 16
1886986835 16
1954668635 16
-80201339 2
-1040141117 16
-306452436 8
-746284211 16
316241693 8
943587206 16
474610328 2
2055806587 2
-89453451 2
-759220354 16
-688751350 2
-1991307938 16
-778658176 2
52608969 8
-562598741 16
-1619322225 2
-495129131 2
-1515946126 2
-928281175 8
-1111987669 2
-1652426021 16
278746675 8
197359413 2
-1469384372 16
-1336150922 16
-1981463382 8
-1088142210 16
-1101938997 16
-1424410144 2
-38542850 16
905955394 16
1903513028 2
131199517 2
-1392864139 8
-1839714387 2
1525676120 2
1521707809 2
1624522162 2
700148338 2
-2085616022 8
-584284085 8
-2070171174 16
-1938898836 8
1917441085 2
-1498974490 8
954782549 2
-1485578640 16
-304137936 2
-1558366911 16
305705945 16
-2103999014 2
-67859344 2
1253538422 8
-728844602 8
-879508051 16
-916687432 2
1111050921 8
135837663 16
559273555 16
1709632011 2
-1776646792 8
-590201931 8
-944261885 2
-1791733627 16
1836507288 8
1334177429 8
-1519328995 2
-177636798 2
-892494210 8
266161319 2
360358317 2
-179844846 2
-878726207 2
685674807 2
1694128210 16
1331422813 16
638790862 8
2050939534 8
-714891767 8
2017538479 2
-1096609603 8
-1943218670 2
-390189342 8
675194288 16
-1924009913 8
1963586824 2
-834080048 2
1135390199 2
-1294297268 2
-544213196 8
-97528306 8
-98572386 16
-750674389 2
-1879217369 8
1396772105 8
484307455 2
-2090769868 8
-685831410 8
-457015151 2
1156720627 16
-834804529 16
-1134360089 2
-989147381 16
-1473072426 8
672213421 16
2045590752 16
1883556268 8
-1446132021 2
-923613638 2
1956044317 2
-1067410500 2
-1626992844 8
441403839 8
-1663649851 2
646096682 2
881363608 16
966890613 16
-1656470273 2
65412478 8
1621607238 2
437723535 2
-331570202 2
-1260443912 16
-1905987724 16
-529242275 8
-969350348 8
314775333 2
-1747848415 2
-1436840785 2
321599734 8
1068063725 16
-1198734786 16
1040287173 16
1031592299 16
583826318 16
1205878709 16
452520549 2
1967667216 8
-1912585829 2
-1391523352 8
1007539126 8
-355144572 2
-805610820 8
-1399598598 2
393638341 16
-253434013 8
1773427300 16
-536764095 8
-174343738 2
1937702546 2
-696743855 8
-1917165177 2
-563601621 2
-209268772 16
-935796997 2
1071203538 8
636703121 8
-1466832820 16
-793934488 2
701807091 16
-60455256 2
-697671270 2
617601447 2
857434187 8
-1637467388 8
1884450232 8
2118176220 8
939173164 16
1316388363 8
-181792117 2
1758605895 8
1491857857 8
-95997317 8
-138467952 16
804830087 16
-1582200511 8
-1659491717 2
958050413 2
-1844411845 2
-1521538794 8
7118143 2
81492762 8
533122372 2
-1696696902 16
812893754 8
1986574199 2
-2075919358 8
674177010 8
146046898 16
-425334451 2
2081496496 8
10309683 16
-1329691984 8
-1060137651 16
506170193 2
214973546 2
-2101426572 16
75215771 2
-770296057 8
494643824 16
-356059074 16
-265459865 8
-164163421 16
475842761 8
1816515516 8
-679556790 16
-126969607 2
1632929002 2
772629801 16
-1714456549 8
1944289667 8
1686474952 16
-64525266 8
-559813484 16
-915149926 8
158141960 8
-2059443145 16
598646034 2
-2027427742 2
-997960233 8
399869100 8
-1953550729 16
1186783846 16
-1064953623 8
-1312955590 16
1185945168 2
-1862385467 8
1830741318 2
1113289487 2
1814970944 8
302690983 8
-107137910 16
-233913902 8
-918104086 2
1406336568 8
1498111614 16
-1206217292 16
130778698 2
1259645493 8
285824830 2
1806206472 16
-855655278 16
-814094831 16
1661271087 16
1344114705 8
66811814 16
164735715 16
473120294 16
-2110058402 8
-1888303558 8
-188524963 8
695807543 16
-1697558098 16
-1122166409 8
-978073883 16
1941787950 8
-434860352 2
1785359496 2
-1256482068 2
-58304258 2
1677132020 16
1004561814 8
-950960921 2
-997330383 16
-2077173223 2
-400774201 2
1151550257 16
148726046 2
1677202086 2
1326696482 8
-111107374 16
1001610713 8
1430913253 8
-1514728526 2
-387388129 2
664031000 8
1829038701 2
-1078380857 16
1038615472 2
448741079 16
2126785164 8
1244967536 16
-270329166 8
-1342336231 8
-746072155 2
1875025042 8
-1828415993 2
-1799619939 2
1294176720 8
322880338 2
1409144213 2
-1546179088 16
-339278683 8
-1383287306 8
1968637847 16
-73272305 2
696280858 16
-294159478 16
-863792272 2
-250014119 8
1543653142 8
-1850987346 8
1652919202 8
-1111319240 2
-1780452042 2
1860077851 16
-1283984001 8
-1353802809 16
2033426423 2
-1871372001 16
1042768555 8
367817863 8
-1998159447 16
-1964085926 2
1101870699 16
-1355614690 2
34095512 16
-1135732269 2
454872265 2
-236466613 8
-1486577179 8
1067165483 2
2124082542 2
652654737 8
360395385 2
1888980099 16
427326461 2
374267749 8
-2003741698 16
-1145302897 2
-634679508 2
-777232500 2
360108897 2
1267843407 16
1528855466 16
-1789710814 2
1272761542 8
-1017962086 8
-1381082543 8
1999957049 8
-1309087193 16
8639631 8
-1255072343 2
-1426240977 16
-2050634190 16
104366276 2
-198928912 8
1210185202 2
-861875076 8
-241117131 16
1314669675 16
-1193657460 8
1527282628 2
-461470493 16
1957096959 16
-1457000505 8
1616488562 16
83689370 8
-448609468 8
-103326204 2
1658510216 16
-13034267 16
-359519069 2
732353909 2
-587052942 16
-2018538525 16
-1808351439 16
-808071349 2
-2034428989 2
-2068358811 2
-1768226478 2
-930643190 2
2100690248 8
210272448 8
-1723249453 2
-1729313051 8
1704380790 16
-554835369 8
-966317998 2
1494024666 16
-89347399 8
846784690 8
-665150168 8
-614293818 8
225663327 2
838409123 2
468278073 8
-926534015 8
1157071418 16
253093501 16
302182497 2
-1065373233 16
1651127223 2
898899865 8
1119258290 16
-1954978944 16
-497432647 2
-2022459747 8
971981170 16
-1230548495 16
-395162892 8
-1535926770 8
-1208155445 2
-1566476405 2
-1730322788 8
-2116470475 2
-1464611744 2
1800002596 16
-806222253 16
1181951953 8
1737249457 8
1749623392 2
865439272 16
1616501504 8
254030642 8
-268161157 2
207212200 16
-1257037808 2
847376950 8
69334889 2
152852096 2
552365299 16
1463324448 2
-2057503592 16
-552301828 8
1617006131 8
162425386 8
-336979696 8
-931363208 8
1988315065 16
-262047841 2
1402088744 16
520779525 2
-857136515 8
-503236840 2
943770728 16
-1021349430 2
1186521465 16
-733175593 16
1552079537 8
-1884990208 16
-1453894765 16
-578816054 2
669701019 8
107810600 8
1554404842 2
735724385 2
-1065593600 2
-296097239 8
-891326883 8
2045321956 8
-17791864 2
1335671262 8
136391054 16
836986627 2
291506751 16
-363967875 2
-1577422514 16
1356852323 2
-329215362 8
743436263 16
825370985 2
-1735845881 8
1624527235 8
-444923268 2
-528874676 16
1814768075 2
-405688345 2
85399195 2
-538401178 8
-1434945770 8
-1998145324 16
20554643 16
1990227722 8
1062396928 8
1178228215 8
1455590806 2
-2070793941 16
1052206893 16
-836475712 8
1854570594 2
-824518871 2
-1522100229 16
-1113627395 2
2138265592 8
-460376300 2
-1800109162 16
-1459980714 2
1446997725 2
1502246916 2
-1078082930 8
-1018307147 16
924504350 2
-361379293 8
-1504527044 8
-1942363793 16
1125988383 2
1963103913 16
2112328614 2
-1809985371 16
1077548432 8
-904527036 2
989852059 2
944164962 8
-300628189 2
-224956586 8
115286321 8
-777984202 8
-2027466153 16
-1813023297 8
-1501218387 8
1589046282 2
829457570 16
-1495348023 16
959030983 8
-260887900 16
449013482 8
1446421107 2
749554174 2
-574168423 2
605110877 8
-691615161 16
-687312815 2
-885911796 16
724393829 16
-520407953 8
-892714736 2
1265629327 16
1485715467 16
371354704 2
-89716449 16
325688239 8
1921989209 16
1255588049 16
-1592930181 2
170917373 8
-606053560 2
2021210545 8
-684599429 16
-925901906 8
-666487647 2
-638841329 2
-1296876831 2
-1084910969 2
680580646 16
416929804 8
407113494 8
1079943290 16
1189818987 2
1898995387 2
-262946939 2
-1474791315 2
696119344 2
574224770 16
363313173 8
-172585271 2
1350263180 2
-1508327364 16
-1457308493 16
729288587 8
1663214570 8
456808636 2
-1818093560 2
1206283551 2
-1392893699 2
-23257082 8
-2115550513 8
14169958 16
1823921941 2
-980482794 16
-1254116648 16
1285249489 16
-243229418 8
-734487133 8
-439233028 8
54674227 2
1327692170 8
-310899781 8
1250076922 16
-252620610 8
1640564979 16
350229482 8
-1501143439 2
-1244351997 2
1421963596 16
-2129496205 16
-26040857 16
728554894 16
1481523050 8
-1131389739 2
150030881 2
-1733831875 8
1783318714 16
833648333 16
600965352 8
-393368190 2
1039652119 2
-1682180287 16
-1438249374 2
-1915483753 8
-1893645057 16
581019886 16
544382519 8
-1241661323 8
1637669359 16
-485119910 8
1306930710 2
290220050 2
621318183 16
1664565007 8
-1310191243 2
-142068658 8
257731520 2
-1298706710 2
362614286 16
-1654803187 8
636794053 2
2045011262 16
496039479 2
9422049 8
-1919836174 8
-773721440 2
545182739 16
-2134938908 8
-1805655896 8
-88839559 2
903929597 16
-803462602 8
1612762777 2
-1647718290 8
-1779712194 8
1664557964 2
-1915196346 2
-2068327778 16
1169718144 16
217797538 2
1459560152 2
77779388 16
-523392127 16
259938545 2
-1019913908 2
664144146 16
-1594533025 8
-236086234 8
-562062213 16
-1183028755 8
-1140986506 2
215916148 8
1722232574 16
115161570 8
-1299667624 2
-1676914362 2
951380715 16
-844156081 2
1594108300 2
-1821969778 16
-1796942626 16
877659143 2
-461464027 2
-997334483 8
1541318810 8
283328457 2
-2100187567 16
787496966 16
11081479 2
1707502582 2
-830110257 8
-315965678 2
768751292 8
1039859123 8
33675235 8
1513980884 16
-1769590348 2
855530561 8
-245486632 8
-177836976 2
-1267116160 16
2056931641 8
-481478722 2
1047364937 8
-1927457056 16
-509481204 8
-1047477227 8
1039282084 2
-777986802 8
-1486854242 16
149528407 2
749842954 16
-2104651547 2
-564119786 8
636685661 8
-1978724362 2
-473986447 2
-1663449247 16
-758938482 2
106275231 16
1609956126 16
1956246227 16
-1863457915 8
291465620 8
-875927609 8
-1698832506 8
-48385082 2
289878590 16
-945765334 8
-1284185685 2
-314472006 16
-385042803 16
375956008 2
186916438 2
412589602 16
-20390178 2
-216675261 8
-731823718 16
-2117575718 2
1878377997 16
1692703051 2
1427819245 8
-653803460 16
264956465 2
517250634 2
367699832 2
-1649454747 16
1683577801 16
951957656 2
-1747220954 16
-1611365430 8
-685433913 8
-679690133 16
-1000195645 8
-218618264 8
-880549578 2
980944863 2
245450114 2
2049683290 2
1887430651 2
1545732942 2
-1174615614 8
-252048049 2
-307594804 16
-1446098581 16
-156979527 16
2119346309 2
-190531262 8
572047430 8
1848216005 16
-1018004279 16
1243644713 2
-1633571412 2
536013185 16
1253384922 2
-1225311720 2
70653265 8
-1265113197 16
-1262415912 8
-322901519 16
-1962728920 2
-644681536 2
-1553905448 2
1062758025 16
-1716053998 2
1565123168 16
1382308046 2
-863817366 8
-171537165 16
937290197 8
-1143523122 16
-1130336928 16
406376135 16
1836991974 16
-1316859622 16
1758971565 8
-1166463300 16
1592067325 16
-1697359306 8
-994405295 2
-893687107 2
-1485009812 16
1044609549 16
1027885672 8
-1504715059 16
1076452481 8
-1196815385 8
-614614602 2
1824493032 8
622862360 2
-1681795600 16
-1053537688 16
561038253 2
272693250 8
1255810643 2
-790857549 2
2032849224 2
-1904945927 16
-762828915 8
-874567009 2
2030271021 16
-359645415 2
-228580316 2
505240183 8
-1788351146 2
-1367122347 8
275879359 2
-441730655 2
901631163 2
738671698 16
-1442919194 16
-1741354047 16
1536625222 2
-700334173 16
1751301344 8
910228102 2
1671550730 16
-826064664 2
859922917 8
-1454774463 16
1982328463 16
824700950 2
-1241983755 16
1266365019 8
1724194233 16
-1230966222 8
-79089268 2
1856290084 8
-1765630662 16
-1919446380 8
782566129 8
1932743498 8
-1128981378 2
1157746478 8
376028119 8
-2007285461 2
-993603992 8
275929599 16
379486042 2
402565094 8
1385814494 16
-274996292 2
318222615 2
-2050314485 16
1018595799 2
1759820309 2
-1778116827 16
-1045775538 8
-203501446 16
-1943846913 8
-204370722 8
-552380168 2
143569627 8
1341668081 2
1567496382 2
104292643 8
-1866332859 2
-260104266 16
-1633067254 2
2083620873 16
82974494 2
-2124630954 2
-976243584 16
401309670 8
1197997922 16
581147763 2
-162178769 2
-274145167 2
-1034973341 8
1422344861 8
287327179 8
722655300 16
-1271162856 2
-1375791234 2
772676391 16
-1036376367 16
-498145455 8
1571413488 8
-1999857794 8
831086700 2
-116705827 2
-1447504530 16
-679871642 8
-1280755861 8
-1445925668 16
-363837925 8
445645194 8
1797978580 8
2105469460 16
1032581834 8
1371264114 16
1370072457 2
-1100628520 16
91480407 16
1734171846 16
-1370892676 8
868833086 2
-184405840 8
2112057006 16
-1228946623 2
82830967 16
-515677607 16
948295563 2
-988027561 16
882410691 8
121949263 16
-711148590 2
1755879686 8
1260803474 16
1278420040 16
-1031689886 2
-346026783 2
-798174766 8
-1574816432 8
1492074355 8
-614266735 2
-1560176085 8
-437845927 2
1499068409 16
2127848505 8
1576145298 2
-272666376 8
-1415427362 2
-709999840 8
293706073 16
26274663 8
-985183536 2
-1232487471 8
-802835860 16
-1221325020 2
-781101463 2
830434362 2
1982007785 16
-1776153899 8
109191565 2
-1898672128 2
1448584895 8
-854708614 2
1324435562 8
-1929252016 16
-571606747 16
646152569 2
-1957049610 8
-51083994 8
-998369761 8
702020306 2
1234966679 16
-516303317 2
393305145 2
138905751 16
-223844231 2
220837323 8
607250125 8
1954770841 16
424281299 8
1566387172 8
43379127 8
1861359207 2
-717440886 16
-256711933 8
-322336439 2
-496999985 16
-1876660332 16
1984882413 16
-1766214045 2
1790227595 2
-130946565 8
-570885197 8
-709151643 2
139440475 8
-2106733519 2
-1880071496 8
-1739088232 16
-594954496 16
-574271777 16
796693847 8
1755950968 16
1138627423 2
-1846922489 16
870420034 8
559993962 2
262351414 16
-1419269467 8
-1760025790 8
2006500615 8
672735303 8
-989089562 2
-1374971663 16
668631045 8
-317139448 16
-1658263971 16
-54580902 16
175178323 8
819415262 16
-799344127 8
-2091843228 8
1314208288 8
307121957 8
1276732431 2
1174341823 8
1002512742 2
-949246342 8
-1721618494 16
1054763813 2
1430637872 16
-2077998752 2
-1715982696 2
1456474437 16
-1937097097 16
1310051929 2
-1544294548 2
-1672470588 16
-1875595448 2
-194519413 2
-291446719 16
-1518567840 16
-688868370 8
316880314 8
347032592 16
1052062838 8
-1471769292 8
-377430431 2
1741153825 2
-266571706 2
-1343369621 16
1352962907 8
231796592 8
1469409132 8
1002055549 16
1352639115 16
1416887328 8
-460796964 16
-1629032820 2
-2138838192 2
-1261512733 2
1631636518 16
1538863505 2
1015184915 2
-983106274 2
-1267918120 2
491499125 2
1352882367 8
754776831 16
-1511249490 16
1812485500 16
-701796781 16
-109967708 16
-2139407508 16
-148012575 8
580378007 2
-638560761 16
-1034222364 8
-193141107 16
-1060042858 2
-1606905463 2
2030334669 2
835714727 2
2008144433 8
-1748286873 8
-441725895 2
653823510 8
1717917518 8
222044511 8
957189206 16
1961324535 16
537330665 8
246953567 16
1330780206 8
1647029257 8
239766803 2
904070052 8
-2037580480 16
-1795014641 2
801838376 2
381660007 2
-1738661736 16
1704975445 8
-189387451 16
-979825176 2
2033401731 16
1804386830 8
-1329417655 16
1308651766 16
221104617 2
1265651443 16
-1737502869 2
1301407039 16
381662328 16
853529310 2
-1066099289 16
1218415429 2
-315769035 8
-1529308292 8
-1683562174 8
95834473 8
-818736369 16
370671909 2
688134409 2
-56957553 2
613071434 2
1365130967 8
772107285 16
-132272979 2
829550848 16
-15769111 8
328758324 8
-1185954920 8
-268985422 2
-1895441397 8
1348886949 2
-1694697816 2
1658727916 2
260431743 8
-1427356677 16
-1950156001 8
-1911047405 8
1404580757 2
1563566576 2
-1785055521 2
1209640586 8
-708787686 16
1962907711 16
2058143409 8
-677749658 8
-1279403431 8
367175550 2
1617738759 8
-1333112013 8
909868806 2
-1533034090 8
834110609 2
-1943767770 8
-251044288 2
-1148413108 2
389234736 8
117246581 16
-1591592257 16
-463999854 2
-1442542944 8
2099112811 16
-1547860696 16
1631333159 2
44543921 8
181513443 8
-1187448496 16
-1777778184 2
2127414641 16
882620922 2
1791376668 8
1660387955 2
-2082843478 8
1039779187 8
971426471 16
-436279830 2
-544325999 8
668706460 2
-831834034 2
-274903754 16
-2050481598 8
604426004 8
1747770548 16
1175809809 2
-1680173601 2
915725241 16
212038008 16
892194523 8
-1309838096 8
594293334 16
2008627664 2
567481616 8
-1485931844 2
-1444440042 16
-751633567 16
1406498670 16
188591894 8
-753454411 8
178657394 8
1369891941 8
129209558 8
-1949763396 8
-593247650 8
605400338 16
673521490 8
1974730248 8
2071279679 8
-662339664 2
528207914 16
548387978 2
1609862659 16
1495276469 16
-703758587 8
-1583560251 2
965477374 2
1424050275 16
-1058232441 8
634809200 8
524544477 16
799762172 16
640424905 16
-1917133775 2
-1610655647 8
-1908565962 16
-1041952374 8
2103715608 16
-785215331 16
2094265584 16
-1223886003 16
456620074 2
-288806922 16
-1073076966 2
-1632124807 2
532084843 8
-1178935178 16
-996445850 8
-878744873 2
1697418277 16
1820697960 8
1789649947 8
46581130 16
823578090 8
619722993 16
125893034 2
1983266551 2
1671659331 16
962082842 2
-1210020517 8
105422569 16
631755002 2
-2082103278 2
792182614 8
-1812152189 16
1284829709 8
-1599200160 8
863093711 8
630414895 16
-1618218585 2
283201322 16
1199350025 16
1516686180 8
-1669611768 2
452210656 2
1060878286 8
785608524 2
-1577236102 2
2066080589 2
-1699875987 2
601019998 2
474635597 16
1383156407 8
342772351 2
900058281 16
-1506295218 2
2050827652 16
1342200384 2
1570621886 16
-1984667182 16
-583550431 8
1861003472 2
-1926742 8
-1968587312 16
-1241660359 2
-736629073 16
-1489193918 8
-139251201 16
1853605095 8
-624619501 8
-340207233 2
1565880814 8
-1342895035 8
1015279759 2
2071419023 8
-866973909 8
-1325182339 16
1621774378 16
-1203437566 2
782837772 8
734996377 2
-884002697 2
-1997563987 2
2057292099 16
-271852290 8
2012187976 16
-2004744988 8
-188049390 16
1060146196 16
-229419776 8
2030245627 16
1264562992 8
-2022733632 8
-189290897 16
-871983476 16
-427941697 8
-181472241 8
724615798 8
1773208791 2
-836313101 8
-295928258 8
-2134798636 2
-216442648 2
837335038 2
546312034 8
1253744948 8
-1156511397 16
-725164384 2
-294455353 8
2018653290 16
1228465388 2
-1502756446 2
-1337299995 16
-51886241 8
1665954242 2
1367270201 2
-368076240 8
-741036265 8
948268179 2
375707791 8
-1936746613 16
1069908834 8
-1785876369 2
1589783590 2
1092411866 2
-2116430428 8
12444068 16
1525314310 2
-2097639636 16
-792927125 2
19586734 2
1474204213 2
-1453699635 2
843939029 2
-1718891626 8
348302632 16
-453084709 2
-239411765 2
1443339285 8
-2055347417 2
-898580290 2
-543024630 2
-59782018 8
-1346047884 2
1312197550 8
1266189631 8
-1076850121 2
1748616784 8
821209701 16
-121943913 8
-1249793123 8
1156854680 16
1013247013 8
-523725926 2
1006112902 16
1060752154 2
-1928643391 8
775274611 2
-533194812 8
567704926 2
1329456131 8
-88872979 16
-1218107031 2
1834601392 16
34768374 2
313200053 2
-1903180477 2
866037980 16
1009366923 16
743253272 8
10264668 8
462967179 8
-1057822858 8
1658843893 2
55463864 8
-2041762525 8
-765029352 2
708091300 8
-672198886 16
-521258486 2
109505252 16
1708326579 2
-785223326 2
2077412014 16
-575971791 2
-1208409664 8
-964404560 8
1178127917 2
647557180 2
2093016301 2
1785528710 16
1809240097 8
1987900733 2
-1905964582 8
-527054509 16
485228506 16
-1442158283 16
-1152108701 8
716468334 2
-1428011225 8
-2075497641 16
-331540965 2
328574932 8
1898741353 8
-539002635 2
2141138473 2
1048328912 2
-2061184806 2
517223335 2
1265676071 2
1019357186 8
909500672 2
1697429376 2
1950936998 8
682369729 2
-909809057 2
992124108 8
-224745325 2
-980661967 8
2117728727 8
-983280421 8
151388336 2
141524823 2
1497364734 2
-1970729173 16
819900693 16
-342022988 8
-841647376 8
1810632244 2
301133266 8
-847650584 16
-919543561 2
-413503152 8
521297026 2
-1353976758 8
-2089327921 8
-950835605 8
725010122 16
-612268548 16
-404140437 8
2126686103 2
418462928 8
-678197613 2
-1858801060 8
-207399367 2
54468843 8
-1870932345 8
46649857 16
-1303576578 16
-199398797 16
-1730051334 16
1899517039 2
1107234930 8
-1715638918 8
1754940499 2
-147753431 2
-2131679082 16
-1160851063 2
-1286068014 2
718991002 16
-1172762767 16
-863640176 2
-231295185 16
-975810346 16
1283486218 8
-1828177767 2
-1685673176 8
-1593971860 16
-504265720 16
1360967938 16
2128904595 16
-261524720 2
2079586510 16
479636094 2
-1732592075 16
-913217909 8
1236705274 2
1391129651 16
-894867927 2
170974376 16
-33151993 16
-149264218 16
-1954097206 8
-1587083814 16
574881118 16
1772822300 16
-555695926 16
-2131244926 16
-1374470348 16
1412279382 16
798573797 8
713176563 16
-784056456 2
2004383000 16
724653184 8
-2085449627 16
751078668 16
-692955002 8
354146969 8
-273954611 16
-1272283779 16
806398610 16
-1537206738 16
-1214254896 16
255616143 8
561455590 2
-251431120 16
1597190038 16
994905222 2
1787928306 16
-678185413 8
854087322 16
-26817633 8
-828226786 16
551692859 8
1843536880 2
-902388747 16
-2113511199 16
-988380762 8
-826228343 8
-873891071 2
13761182 2
-532465430 16
-16324198 16
-420616993 8
-1206270620 2
-3079793 8
-1573849020 16
-1937608153 16
23848662 16
-1563173918 16
34950227 16
-741793318 8
410236839 8
-1140789914 16
483501665 2
-1542607936 16
477800062 16
-953176384 8
1205354197 8
1034614052 16
-2007064482 16
-414715744 16
729382276 16
-377393254 2
1266371220 8
413558046 8
374473667 8
-1302445811 16
872912336 16
1087406025 2
625904693 2
-1445626198 8
115232750 8
1089100265 2
-803483591 2
768378950 8
-1474075770 16
-1116728494 8
705495954 2
1016681564 16
-106094791 16
-1439231889 16
-1471190026 8
386954813 2
-357168784 8
563786931 2
-205634226 16
-273246479 16
-402952557 2
-337850941 8
-2136877019 8
-1846906358 16
-1304122611 8
-338586668 16
-1215015691 8
1725133714 8
1357650816 16
-250463735 16
360497082 8
283648825 2
302235519 8
-141429012 2
671037529 8
-1077866443 16
3670991 8
2088176990 2
413708561 8
1462216737 16
-992811407 16
1287042074 2
-1420834889 8
129736139 8
-1173510651 8
290903468 2
560289225 2
777422238 2
-30285633 8
42299068 2
-1908281818 16
-1818040675 2
-79042235 16
1739122108 8
-864571603 2
1061304461 2
-921232227 2
-446792483 8
-82642367 8
1174165492 8
1048280283 2
-614132691 16
780260744 16
-1112166688 16
1160918723 16
-1789225811 16
559046127 2
1418457202 2
1914786362 16
-933271142 8
1797347257 8
970938867 2
835536077 16
81100305 16
22927016 2
1001038591 2
899639423 2
5971027 16
538465405 2
-1008395857 2
300435332 2
-610224938 16
2080161989 8
-1766461272 8
2146646082 16
1089200484 2
-1946545976 16
1061139607 16
-1446928821 8
695824189 16
-588884259 16
422199592 8
1555122683 8
-404627456 16
-1039254449 2
-961098885 8
21320279 2
-2015106183 8
822585476 8
564513851 2
285871994 8
479009392 8
1474340713 16
-969077225 8
-1795075823 2
-1837564595 16
-489336473 2
-796415798 16
1478396877 8
1520241231 8
1024787861 8
-1252129989 8
73383100 8
-656966135 2
1225020792 2
-1114314200 2
-1237571974 8
1714840260 16
2106229011 2
-1481697687 2
-1821607271 2
-1766021221 16
1632697251 8
-588899316 2
-2041670072 16
27386709 16
939690671 8
-110064450 2
1868491198 8
-1055316216 16
795577446 8
1392687093 8
-587441036 2
2039689722 8
1245938495 8
348837989 2
33539291 2
443894677 16
-1023208305 2
194390437 8
1491126329 2
-527405962 8
1842283287 2
13874985 2
2054155147 16
-2132784601 2
802663345 2
724851555 2
-1267233513 2
-1244809386 8
424582208 2
721261848 2
-578761805 2
-1568300680 16
-1970370997 8
-380084632 2
-572073598 2
-1695293475 8
-1274888236 16
-2141159649 16
2076145453 2
2000860168 2
-537467013 8
430865960 2
894482037 8
-1631258990 8
-1478849597 16
2138154100 2
-1290697225 2
2042598226 8
-652547160 8
-352717657 8
-552555035 2
-1363472599 16
-1448038639 16
967417 2
1606762900 16
185275937 8
-1853916258 2
-756434394 2
1904814342 8
-1999545956 16
1152022204 16
-1063071888 8
-834206198 2
243112802 2
-79915393 8
564951841 16
1867682245 2
809685832 8
1322993616 2
1231869824 16
-1673138994 8
-321513078 16
-309389105 8
-1815223069 8
2100910501 8
1861387661 8
-1963507620 2
-1187918666 16
40398043 8
1967613955 16
1925824400 8
-1010104224 2
-1479642083 16
-1202490212 8
-1040931990 2
-134442336 2
164860683 16
1100074733 16
-116785968 2
-1443834336 16
1286675961 16
1072856232 8
-224558100 16
-1893697951 8
-1246486784 2
-1617140886 2
604898976 2
-2078480761 8
533514854 2
-915790213 8
1579054970 2
1696695219 16
-824395321 8
-824293484 16
-427113348 2
-410986571 16
-181798372 8
910248669 8
-2136313165 8
-1418261522 16
1840691359 2
734865655 2
-12266684 16
-1225614546 2
1188871166 8
-1171675922 8
186877951 16
689221895 2
1250044558 16
1951891027 8
-1610823265 2
-1019810022 8
1498944354 2
933780168 8
1482261953 8
725338992 16
-701964202 16
1087042843 2
-1827962268 16
584730971 16
1784486146 16
-688602034 2
-481950156 2
-866085100 2
-434071604 2
-1436265633 16
-1576440738 2
405533054 8
-1592223521 8
-796094346 2
1480228807 16
-1049703121 16
-1032300201 16
761292363 16
186936157 8
732606807 2
-1927936387 8
-720805690 2
1653484607 2
-870294155 2
-1892456559 2
888257063 8
-1306626266 16
-1554322901 16
-1621360946 8
-99001673 2
307703843 16
-1910996096 16
761476616 16
-723463329 16
-1256860611 8
1472380686 16
-1039089810 16
1446686008 8
-1897136699 8
-538638935 16
-1897944989 16
1515071608 2
-229340697 16
-1564908977 2
928432544 8
1231364686 8
-296501986 16
-1916869734 16
268712874 2
69278532 16
2055976015 16
-982573669 8
1525369547 8
-991854031 16
2068254992 2
-1956233947 16
146031474 2
-559863823 8
-369904831 8
1805221132 8
1780275419 2
-1464036529 16
-178538427 8
-1271843579 2
925451101 2
1310164381 16
812113720 2
1026882586 16
-2073420377 8
-170069282 16
1584572167 8
-1367843472 8
-1695078547 2
-1260241907 8
-143184301 8
1206365461 16
-1487240843 2
697017345 2
-28732205 8
-1153142687 8
1137545218 2
-461876322 16
-391591461 2
541013390 16
-382668429 8
1629506094 16
-1598043624 16
-1599355304 2
-1593687769 8
-410258239 16
1500527333 8
-376318001 8
428661794 2
129249342 2
-1240137347 2
129570328 16
-1836730373 2
-1764263068 8
-36429561 16
-1472875116 16
-1697804574 2
2096449761 16
-1286808820 16
555749595 16
-127461922 16
-1463269532 16
923806289 2
68035130 2
-1777236943 2
144846779 16
907675887 8
383432146 16
503089430 2
186637374 16
1335190834 8
-197307441 8
619928306 8
484180614 2
-1816035839 2
-451377394 16
-993281349 8
1048754232 2
-1002896257 16
1763320576 8
-1284993984 2
1154941923 2
1155751953 2
1660360749 16
1416761717 2
1427822041 16
-1697998613 8
412690047 8
1180613435 16
1842229551 16
-1308255913 8
1231566812 8
1238354616 8
-982179849 2
-1372690717 16
-1123877087 2
1758819629 2
-1582994449 2
212075660 2
-578418118 2
-402945483 8
921554614 2
-1311870578 2
2119376582 2
125902549 8
-819605709 2
609595827 16
-1931237658 16
-1859945566 2
1153228165 2
-1797798023 8
-1929234003 8
1218474840 2
-854389709 16
-884099557 2
1136610109 16
-2116187953 2
783668109 8
404965552 16
-646089178 8
-1452677543 8
1008734311 16
-923016815 2
-1841306835 2
-152630340 2
-591776143 8
-1520596331 16
-556912207 2
16946195 16
-581450640 2
-859754205 2
1460214599 16
1378401520 8
1119530748 8
-888752519 2
-902983406 16
-2111515187 16
-579744115 16
-323032277 8
1571381071 8
-291711989 8
-2084640376 16
-1866745170 2
-635419573 8
370050365 16
1395635577 8
-1533425907 2
904809544 2
-1348668772 8
878217422 8
-1015353600 16
1431969440 16
-1790447643 16
-363120971 8
1223823718 2
-599979602 2
1673111786 2
-236362047 2
-1167051392 2
1609544689 8
1900717179 2
287508433 8
-1073208068 8
1740351849 2
140935510 16
-423454553 2
1866614380 2
-1120365518 16
19627709 2
-1602609271 16
1267499638 2
749708001 16
113757021 2
-1510962855 8
1996406878 8
-1705381491 2
-839073453 2
1216149782 2
276820154 2
-409165087 2
-383644515 16
-1173009496 8
-688233862 2
1364799431 2
203639391 2
794199695 8
-1968949426 16
-106009203 16
414792096 16
805132807 8
1224982160 16
-1127618529 2
-1288544037 2
976209511 8
727396852 8
1095112044 8
-971123077 2
-1530003106 8
1871166222 8
-1805912164 16
1091973083 8
-302736131 16
1102819960 16
-224791176 2
1892692310 2
-1771747428 2
1892656045 8
-2110157228 2
853069634 16
489800262 8
-784688420 8
834022309 8
1367377830 16
-1885098882 8
720126861 2
744114441 2
438070744 16
311645736 8
-375639643 16
-1084104398 16
-379443125 8
2100784234 16
-1907108662 8
1053543802 8
1898759381 2
-1864680290 2
-2081913784 16
203692530 2
1684498201 8
1566085914 16
-1567305830 16
953661099 8
-101919595 16
769289839 2
1999806995 2
-635926780 16
13369514 8
1020081980 8
1800421037 2
1173447969 8
-444418833 8
1264235619 2
-1341000808 2
215570096 2
498646603 2
1625201464 8
-42622514 2
-733582891 2
739289750 2
224638037 16
-1293610169 2
-366801954 16
2035319334 2
-2087045706 8
126887682 8
418117343 16
-1191668813 8
-568728324 8
821292752 16
-93711121 16
1903527101 16
1463070270 16
-519696662 2
-1934945251 8
-1710910107 8
-1196351649 16
1352471437 2
-379136319 8
1950760464 2
2101335871 8
-1418191704 8
1453349405 2
-404492226 2
2004507248 16
510825039 16
1969963812 8
-2021929481 8
-1287452356 16
1704728979 16
2059434784 16
1233237358 8
1362879011 16
2146431462 8
256103286 16
451268677 2
291423260 2
1618269445 16
-1733284266 8
-1246473944 8
-407908498 8
2131422213 2
1846887993 2
-646582017 8
202864682 8
1231217312 8
265923022 2
1448100517 16
-1618107548 8
1241673083 2
-197004711 8
-650446577 8
-505961604 16
1800549211 2
-46480473 16
-736355739 2
-997023401 8
1087729283 8
1799977057 2
-1632392045 2
984225496 16
2122399970 2
177883702 8
-212094570 8
-1053073531 16
-403901220 16
-1955566529 16
1004753360 8
1723232091 8
604991529 8
-1267211473 2
388153317 8
-225725936 2
2025784059 16
-529010502 8
-1754678190 16
-1035065382 8
-1251595220 16
1569617409 16
-924893457 8
-266254481 16
-170364328 16
-364555816 16
788048369 8
-228571642 2
-1554714444 16
-148419932 2
1778169643 8
-727357803 16
1017595459 8
-555146102 2
1634688159 2
-1566046072 16
1417493136 16
-664366901 2
342022834 16
1606256267 8
-1772181409 8
947767585 16
-396636470 2
643059322 8
1556337329 8
-437080909 8
565632556 16
1971624788 2
1961470299 16
1199460638 16
-964272216 8
-1977329710 16
-67907798 16
-1350317088 2
-386603597 2
1356544867 8
501798482 8
-1713740543 16
1190731884 8
1548537292 2
-1870613185 16
-1937094746 8
-1158541772 16
-953446985 8
143244934 8
612033879 16
1403745609 16
2010456443 8
548504816 2
1406100894 16
-1702020331 8
-2002256223 8
-1897244143 8
1291505847 2
-237291230 16
1566646657 16
278299502 2
1872980799 2
-55315859 8
1381956456 2
-370442552 8
-336190900 8
1707944937 8
1140091293 16
-1142417784 8
1217832509 2
-907301443 8
203656851 16
650049572 2
259335525 16
1810103550 8
-1075085027 16
1652043587 16
-198744396 2
646563620 8
1541591983 2
698194722 16
560892807 8
-1992771750 8
-2076924384 8
1492096476 16
687102742 2
1966472496 16
1859417451 16
-1943274202 8
-1694446037 8
-1552966897 2
-1712223636 2
579692536 16
61327164 8
585175988 16
910276016 8
-852665656 2
482532733 8
147860746 16
833552577 16
-353648061 8
-1557262873 16
-49496736 16
-1042050642 8
1967266699 8
1531798809 2
-1050476026 16
1496585037 2
546525160 2
105565952 16
445977608 2
-1492069310 8
720258123 16
-1047164285 2
-1155816401 8
-1415450428 16
1482031506 16
-1688848735 2
1343694210 2
-1140150937 16
465332547 8
-1896707551 2
845088116 8
1016402768 2
385404307 8
218780391 16
1480673388 2
132729910 16
-1295124868 2
-1998807068 8
-1469601970 16
592001786 8
-548506510 16
-252531264 16
-457990201 8
1984873367 8
-1279847579 2
-196370456 2
-823678441 8
-199797037 16
-862376279 16
339773215 2
1799307800 16
-36965948 2
-907683206 2
1348675273 8
872137714 8
-1485528867 8
276597896 8
-921014911 2
1382496622 16
-84940682 16
1391935119 2
973135439 16
-1848877422 8
-531551487 8
-1434476469 2
136296279 2
530853577 2
406289357 16
66213128 8
1851216220 16
-1817994282 8
184746562 2
1726736461 16
1695978600 8
-1543625325 8
556731961 16
-1747666564 8
-659359436 8
-2069022986 16
1001058687 8
-370157570 16
-22611037 16
-832785840 16
-677315820 2
232910191 2
-1157872104 2
-1958088078 2
-1335442972 2
1119770372 16
384964113 2
-85560938 16
-1150410898 8
574129379 16
2141755677 16
-1078045684 2
-926041907 16
417351379 16
-1223060045 8
1710400444 16
-676885296 16
-1498271086 2
444962895 2
-1437648292 16
149435725 8
1812642250 16
2085443359 8
413315749 2
324498224 16
2027149054 2
-1863147558 8
-1309140039 8
612617648 2
-1034528084 16
643128518 2
-279173524 8
1087004191 2
-1297721358 2
721397625 2
-680656680 16
889715707 16
-1836318852 2
-906537785 8
-255736978 2
-1396541344 16
800113449 8
1867576489 8
1403690623 2
-1899315570 2
830847841 8
2132743026 8
-931401799 16
-1578597481 8
-1599507418 16
-1001294702 8
-58479878 8
1407015679 8
-854603947 16
-584129521 2
-234356242 8
-729973701 16
-1286606479 16
1396767176 2
-1326760581 8
723768437 16
2087380484 8
-1483235989 16
1536113016 8
-1412664757 8
458703115 2
-1731013310 8
-1410840844 16
2028918323 2
132531491 2
1443088398 8
1202175717 8
405259395 2
-631686363 16
-55776399 2
1300304208 8
549166344 8
-1842830384 8
-757960049 2
-913995003 2
1862433716 8
-1874240876 8
520974224 16
1579605548 8
1565242208 2
-1575247364 2
-1151829823 2
-1290683486 2
1259469319 16
-1524619366 16
-557817092 2
503478628 2
1712692754 2
-1410621941 16
1784510022 16
-1651231891 2
681356001 16
-1889212123 8
1745204786 2
2055304250 8
-1587046681 8
-90070298 8
870068823 2
879968442 8
1789082018 8
-1706145732 2
-898018888 2
-1558724141 8
-19059177 16
-180392921 16
891944875 8
-1657976451 2
-547644761 8
278045889 8
-1665738465 2
1479439798 16
912463697 16
-1145360686 2
-1972890249 2
-1692352268 8
1529704110 8
-698203758 2
721621058 2
665157032 16
-561530880 8
-1052841750 8
-1801279099 16
-1895239237 16
-1947016268 2
-1392696558 2
1731262432 2
-1711548871 8
-1639393135 2
-56367387 8
-1749767553 16
19613749 8
982330649 16
-1326713364 2
902274383 16
1061419214 8
-835469763 2
697245086 2
2019409982 16
604526105 16
478476911 16
1021883884 8
-1563674802 16
-1470585057 8
-643721876 8
-198121398 8
-560131483 2
-715194172 2
961965433 2
-1098670314 8
13847767 8
1212405725 8
849843236 8
1128855316 8
-1646491482 16
1246247073 16
1211941915 16
1780209004 16
1458617103 2
142421189 2
1565295180 8
-1701167158 2
1002955190 2
1677942896 8
1208684675 16
-143489439 16
-1616628384 16
-1609008094 8
1921676401 2
528818411 8
1339541195 16
500271793 8
386661994 2
1981880888 16
2011460284 16
-1886617061 16
