4626
680566632 8
-1913598103 8
1520228245 2
-963962129 8
-1513257745 8
1232148993 2
-341791763 8
2074116759 2
-1928526986 2
178529537 2
1958105586 8
737540408 8
1762116971 8
-992768400 16
1141051138 2
1733125602 16
723002339 16
1828686379 16
-898924741 16
2084847361 2
80863862 2
1869726886 8
-627296178 8
320461799 16
324343290 8
411853680 8
-510851586 2
-623427110 2
541382952 2
-907434097 16
1850481863 8
982165047 8
1487215695 2
1508984242 16
-1926587636 8
214226996 16
-1698255367 8
-763745777 2
1704115185 16
-1150052204 2
255721134 16
330758948 2
-1328641936 2
1859450294 8
-286282485 8
-145297299 16
1494755232 2
1247958708 16
1442125674 2
955693092 2
161157888 16
-2039384713 8
797271524 8
-528075173 2
1676662301 8
1840292415 2
74467854 8
-970279775 8
-1300387008 16
1735837767 2
1279747560 16
77158323 2
588469711 8
1151504431 2
992341002 2
172914011 8
-2085750962 16
-938037720 2
1910372451 2
-744995038 2
-1852565445 2
1123147675 2
-596576944 16
1376752404 2
-903892804 2
-608274467 2
811175339 8
-1865725615 2
-1208340758 2
-1264039004 16
1174855660 16
1967053912 16
1952956421 8
1073762455 8
-124715087 2
699344497 2
-1417503755 2
806212358 16
-751956389 8
2029902228 8
638799716 16
-1937165224 8
-1354281709 16
-1753265611 16
-1250616935 8
679786343 8
-230523282 2
-403483561 2
1396953745 8
-1825102283 8
707113770 16
-305709873 8
877712643 8
-63289854 16
-214664640 2
-1952769095 2
1082149842 16
-1726948680 2
74787602 2
891118687 8
968627343 8
-478255272 8
-917109601 2
-1669782770 2
-121203903 2
-2130521254 16
-693364125 8
1898195813 16
-257289767 8
72935099 8
-923427235 2
911614809 16
-1482010833 16
-1418002805 2
1507508445 16
-1903697557 8
270100513 2
-750553237 2
-1585159766 16
227222126 2
1002848188 8
354845458 8
1700770800 8
-1230943238 2
-19323533 16
578304333 2
-212719380 2
103841163 2
1059707400 8
-721364473 8
-1043843096 2
2101223625 16
760041738 2
1402708442 2
1279513403 8
87743064 2
280387836 8
316385992 2
-794645093 2
387639299 8
-207193091 16
1550241254 16
744745008 16
1679045906 8
1374588231 16
-887537807 8
458821403 8
-2065570787 8
-1028397313 2
2051819437 16
1217967098 16
475671548 8
1308444985 16
-1819680952 8
-2084774503 8
-661828245 16
-1989411706 16
-282199812 16
230541726 8
-2063401310 16
1491131927 16
93894176 8
52329393 2
951800638 8
1715941141 8
-394803758 2
-492935115 8
879058489 8
-297443059 16
710966640 16
-300902607 16
1363201318 8
-1288846644 8
882391392 16
96370818 16
1244253762 2
849692142 16
-696584412 2
-1124491461 2
-1760004370 8
631150699 8
-138398863 8
-804226106 8
1146587460 16
-157709548 8
-505807558 2
-1689647334 8
895771063 16
-817911888 16
-816162233 2
1475868416 16
1626256930 8
1757945840 8
-909550035 2
1804098162 2
587898574 8
476561001 2
-1077428814 2
-61029777 2
-988211413 8
1715822940 2
-44482916 16
-1871879935 16
694472449 16
-1165081558 8
-2103439243 16
-1415201039 2
1394793434 2
-7671553 8
1102187629 16
-1448986623 16
-1317495741 8
2988442 16
1211557681 16
-857812269 2
1551480963 16
-1851148471 8
-11219440 8
-1215288011 16
457392008 16
1198223485 2
-1156605861 16
1183788759 2
2028522427 2
1647917409 8
2027157802 8
739808959 8
-991194122 8
-1773194554 2
-74052922 16
-1552787679 2
-332277138 2
-1348613498 8
-1637099661 8
-252516987 2
877750590 16
508417761 2
863266140 8
-1878188026 2
1204123121 2
693033501 16
-755891022 8
1000558457 2
-1138303585 2
-1536009158 2
1766233236 8
-1981579029 16
1009061888 2
531342038 2
1077499170 16
-203193970 8
-496386629 16
-1164536206 16
567754129 8
1055555656 16
556392912 2
-681049972 2
1119606504 2
1968380895 2
-1102911076 16
-266539483 8
389611949 8
-429249157 16
34276330 2
356546038 8
-392691705 8
-1803607436 2
2117852083 2
1612688238 16
-1075347369 8
-482476342 16
1844554948 2
-123945750 16
1786594242 8
143501939 8
-930398235 8
589322803 8
2018817094 16
289525889 8
1871161348 16
-1622435640 8
-628533953 2
1357105075 8
-824724840 8
-244636642 16
-1440466646 2
594120184 8
311919557 16
-371347918 8
1079973146 2
-2030538257 8
-1627319557 2
-51203735 8
1290043619 8
-1268657550 2
-2039326370 8
-915781676 16
1955981885 2
530541751 16
-204670127 2
796336282 8
429931113 2
-674849880 8
-844279921 16
645150599 8
-1002626865 2
-563608976 8
-760199979 2
306891245 2
817039900 8
1217789477 8
1182293604 16
-1993180795 8
757251863 8
-1481013953 2
1532012624 2
61145191 2
491167175 8
716179959 2
1711330531 16
-1445878809 8
1840554394 16
-1812674376 16
-336413578 16
-752464059 8
-2101939641 8
-471555309 16
-297233158 8
2137524477 2
-1076770444 8
-734273069 2
228245396 8
-1088447530 2
-1091776835 16
1556080278 2
1878560679 8
-2120467544 2
-548979892 8
-198579057 2
-449003491 2
-1577251203 8
1457369894 8
1932603940 8
1624014102 2
-1845302763 16
-1696426141 8
2046167128 16
1451676159 2
1457016447 8
529666929 16
-1501665351 8
-312365818 16
-2019851476 8
1350801168 16
694341853 2
1501689283 16
-1265715009 8
-1432303667 16
-1738016410 2
-993579199 16
671374301 16
-1147249504 2
1682119011 16
-2000135791 16
-1190936439 8
-149925595 8
-804756841 16
574709377 16
1680536663 8
949926630 2
1518504720 8
265902476 16
-2054035444 16
-234792714 2
388225168 16
-1102058957 16
1373736242 16
2012308834 16
1289647748 2
-1846087483 8
-756583171 2
-1714564925 2
1152048416 2
-1126459564 8
-1875730564 8
-603214992 16
1269597596 16
-168711257 8
-373687864 2
284096601 2
-186406158 16
1817719376 8
2030819840 8
-548439673 8
-99572058 8
819553455 16
-522885222 2
-474452111 8
551916141 2
-295696353 8
-72061951 2
-1679979834 2
570160255 16
-1640174772 8
-1220519820 16
-141164552 16
533107915 16
-1379658263 16
1728247527 2
2136865064 2
-556391718 2
-714970539 8
812274346 2
-57742192 8
230861368 2
1322793217 16
-834863359 2
-1325643623 2
1471091993 16
-1096807680 16
1172014709 16
444075026 16
-1545823750 16
-1063756867 2
-621492807 16
502367764 8
1753727462 16
2113241524 16
1086187224 2
-2001425737 16
-1096709217 8
1978248909 16
-1102838494 8
-276453791 2
1562295904 8
-1728843140 16
-1467566430 16
585346211 8
-1550135312 16
2003997761 16
-913961177 16
-1799409280 16
200834363 8
-766054250 2
-921543484 2
1600202208 16
-686149512 2
-708919086 8
-1792392894 2
-465869684 2
-2046667370 8
111585803 8
1365262494 16
-221776642 16
-1739665320 2
-1365271329 16
-706762175 2
-801882425 16
1804383068 2
416906768 16
-405074695 16
1231026633 16
1365433210 16
-568627593 8
-124963655 16
-57128654 8
1737865433 2
2116001503 2
-1230955444 16
1747336688 2
816958037 2
961052405 8
2046431422 16
221755582 16
699666638 2
325357225 8
1647533933 2
-2021231412 8
-615172487 2
625682261 16
2007251249 16
-840121946 2
-763817234 8
743651240 2
1985602806 2
-1507728815 2
-177108921 2
-1048740468 16
497553722 2
1877016018 16
71921163 16
-797581178 8
2089700456 8
-809856403 8
-1866312327 2
-849778625 8
-213711563 2
1230367907 8
-2123901765 2
-1110154589 8
-2123450584 16
2034602763 8
-968659706 16
1599608156 2
-227650948 8
-1597021516 8
538698813 16
1088577796 8
862490338 2
-1667889051 2
47625859 16
-1684785847 16
-1337348433 8
-2061020934 8
-130656269 8
-505583785 8
1312846013 2
-1210034885 2
-878427855 8
-948641350 8
-450090246 16
1401889584 2
-1880548255 2
2042869907 16
1712821602 16
-1440931766 2
1899826352 8
933573397 8
-902111682 8
1933511557 8
-1028556441 16
-647057225 16
-1496786319 8
-2146553983 8
1976253609 2
-1694841767 2
721486224 8
1674701417 16
-619196417 2
-1037838457 8
-1357619538 16
330534591 2
-1810030328 16
-328901935 2
-1693083469 2
148051663 8
-1435856843 8
-1253943239 8
926337126 8
-229825619 16
-188650584 16
127996303 2
1369675504 16
1852656010 2
-1854357806 2
80609396 16
1087701329 2
1400990112 16
-1910837638 8
1523042388 16
-2053626601 16
-288585890 8
441058829 2
-325981295 2
-740846790 2
-2048712546 8
-621235577 8
-166134513 16
2016997424 8
1003587616 16
-816627723 2
1514139943 16
617963223 16
-638627393 2
1008007068 16
622722241 2
-1455569611 8
768915836 8
1433436021 2
702372610 8
1133530455 8
-691100938 8
-1104385095 2
2025603652 2
1671908691 16
845752859 8
-1456188176 2
-864751637 2
-1583806747 8
-237005665 16
2009348362 16
1258593002 2
-47714481 2
1536670208 8
-1536824443 2
-1316553506 2
680482547 8
-347815828 8
-1058484516 8
254662176 8
-2113176490 16
1683495793 8
1354565847 16
1158754725 2
-2019563497 2
-2122081927 2
-2006669854 2
-1679788770 2
588007392 2
2023521947 2
-1463450655 16
-230961233 2
-497155126 16
168721592 8
1800845623 2
1450108085 16
-754953394 8
1946781060 2
-1234971755 8
1640821046 8
-1411679856 2
-1319734448 16
1981172843 8
1211403226 16
99394689 8
-824527722 16
167523071 2
1151444340 2
1440402518 2
-126583215 16
496557929 16
-204485301 16
-1162455619 2
2058043222 2
274287004 16
1378503773 16
937779668 8
-1414398390 16
1900144329 16
-1190157278 8
542051596 16
1861514873 16
-1776474429 8
-562703703 16
1565627476 2
1302333288 8
1700869282 2
-963991224 2
411198644 8
1848445256 16
2004457417 16
-897668675 8
1894012003 2
860379793 2
1079795087 16
1467914125 16
1116086126 8
-653109534 2
-1190243691 2
203478430 16
-1513356194 2
-1099591061 16
2144882840 2
-1862908740 16
-956955865 2
-279140086 8
483067315 8
-2095351050 2
-2014483841 2
1261111634 16
-1663123607 8
1623839491 16
-2125056524 8
763063810 2
1364082003 2
748992361 8
-1131384402 16
-759650983 8
-1575829893 8
-2091373122 2
-210530159 8
-162376443 8
292663506 8
1607367271 2
-505180483 8
-2135874228 2
-1590913475 8
-1376932432 8
1802403560 2
760169801 2
2020492497 16
2103626956 2
1117388989 16
-1619847222 2
1854256015 2
-371914672 2
1124341502 16
1499442869 16
1700028988 2
-869422296 2
1970879934 16
-342202434 16
951210810 16
-1508293484 16
-1805943311 8
-1157561962 8
-546036221 16
-1481302373 8
-1076861588 16
-1148562371 8
-1667632651 8
-1558070289 8
-804863744 8
1364068548 8
-1629797780 8
1751149297 2
-1067793361 8
1687690049 8
856554640 16
2013835143 8
1784169144 16
165143822 16
1727969401 16
1639338660 8
449849906 2
-1934299235 2
1314867561 16
-207715491 16
1568409058 16
1815234857 2
-185447347 16
778466422 8
-858061248 16
330880239 8
-163653769 16
486497743 16
1174575120 2
-75430758 2
2035941171 16
1265413343 16
-1459874612 2
364243201 8
-958901737 8
-1770339413 8
1444536637 16
477940372 16
1510851889 16
1364891943 8
1350713272 8
-1008113789 2
-127497043 16
-338678827 16
1259959132 2
1476926255 2
-52558758 16
1451307542 8
1400438494 16
-1374964438 2
1306785549 2
-904876468 2
350096975 16
-423276320 8
36294086 16
-569078813 8
-1486495987 8
-262157532 8
-953332147 2
-72091600 8
-756014736 16
-499848561 2
-293439498 8
1756834556 8
1902807834 8
-784835759 16
1935477759 8
-791653733 8
2139304884 16
-621935858 8
-1813630462 2
-1729451804 16
937709923 16
-444677708 8
314068893 2
1747958132 16
-603569364 2
1963100241 16
-585589913 2
1004968855 8
1885535021 8
-921119046 16
-681543343 2
-850488384 2
525304439 8
-549946739 16
-184486099 2
1796676219 8
-1966109203 8
1246793172 8
-1208010060 2
-263705908 8
1604837807 8
1553877295 8
1269907002 2
-243785041 16
387211052 8
-756457149 16
-316153685 8
-1557797185 8
-1761486043 8
-582135423 8
158841997 16
-635631027 8
-1372116763 8
279285121 8
1836017266 2
-85525616 8
1285602049 8
-62874477 16
1340269771 16
-1269115567 16
203248360 16
-527014461 2
-2015660461 16
1663372162 2
-662998767 16
689521815 8
-1189364146 2
-1216541711 8
-1025310240 2
-1996119415 16
-113807487 16
-1090233421 16
1914641270 16
27887754 8
1412405761 16
540940284 2
-2107417730 2
794504583 2
735097058 8
-527457570 8
1186616364 16
-1153780673 2
378733401 2
-1283113980 8
-1035504212 16
-2009403250 2
1903430214 8
-1115912528 8
1072872149 16
1961557677 2
972694218 2
1914284560 16
-1976457459 8
-1796185230 8
-1868797975 16
31789667 2
-1418556860 2
-1189483921 8
1894123690 8
-1464793869 8
1778671577 16
-1717799596 8
-1066601881 16
1281080546 16
1255775791 16
1826526228 8
-1416911849 2
-1323458458 2
57311367 16
-16036597 8
1479093500 2
988952415 8
274282872 8
-784877595 16
1088912394 2
1986900948 8
556661564 2
-700224312 16
1678430288 2
549645560 2
-325413483 16
-2066172191 8
385521716 2
-2114170641 16
-920349904 8
1652921760 8
1091800441 16
293001016 16
-465803375 16
-193058124 2
-1020890460 2
574250604 16
-1705246930 16
1818501543 16
1363467909 8
-989141494 2
-1619491428 2
2099496468 2
-152115397 2
-1034104143 8
-876878621 8
888229076 2
1555080627 8
-2140617965 8
-1138099243 16
-1263454766 8
-1545127143 16
1447449748 16
-1678519318 16
-1429670243 16
-1945146839 16
1015419405 16
-1377139153 2
-2062403071 8
-970428061 8
787472431 2
-1739865821 16
579718719 2
1621509689 16
-1619326509 8
-1837479873 8
-1078694879 2
-1788163815 16
-1141455896 8
1067957300 16
-1272433287 2
1162803058 16
78154166 2
-2055628188 8
150496306 16
-1046870229 8
1766756600 2
-702630965 16
-1291094954 8
-879105431 8
-849941446 2
-1852733513 2
-1100359875 16
354450140 8
554015036 8
-614722275 8
193861534 2
-1343638284 8
1264094560 2
796686002 16
739514442 2
933199431 16
-297771490 16
1483641405 2
-2133180165 8
-196335059 8
-550966235 16
1842413847 2
-388333211 8
-14841887 2
920341293 2
-1381240204 16
290503376 8
1885204596 16
13219093 2
-272340451 8
-2091103596 8
-1458212861 2
535496539 16
-826065055 8
-200944268 2
590939767 16
796835817 8
1118646920 16
-1368012948 8
1084777481 16
1834331349 8
188513648 2
537800608 2
-984430866 16
717637076 16
1803757419 2
-1227922657 2
-1226450376 2
-2008875045 16
-353779158 2
-1029720521 2
276885005 16
1108619930 8
-1982634281 16
-3872016 16
-1321586118 8
1778103191 2
-128333968 8
-2101822103 8
-1666922398 16
529227055 8
1750961372 2
-1499035981 8
-1856506091 8
718510133 8
1143635376 16
1479868365 2
358165556 16
-1058031369 2
-314113525 8
2058406309 16
-646001122 2
298882893 16
911823922 16
-416412172 16
506000088 2
-892473511 2
1899948036 16
1146125688 8
1443455799 16
-1672720849 2
-1763433003 2
-315823162 16
1159753098 16
-2123528185 16
1296670391 8
5561079 8
824536970 16
492398240 8
103639945 16
1809430503 2
-685595464 2
896763812 2
-1121363869 2
-1188182678 2
1898276576 2
-174618955 16
-206138896 16
1089078024 2
-1512366008 2
-1620296539 8
-713085835 2
436409553 8
861121901 16
249693539 8
681085798 16
669769938 16
-1513736194 8
-1907927652 8
-8575689 8
-1735015797 8
-1700166559 8
-1855851497 16
1901750598 16
-1689313455 16
-1708694311 16
-660379984 2
-1739363708 2
982485259 8
-214323972 8
1918272345 2
-1250914248 16
-1812040972 16
2101832201 16
-1251895952 2
-1564397358 2
-1579780522 8
1951785189 16
63351668 8
1947787201 2
-936881675 16
556565284 2
-1422044614 16
-1377145591 8
-778423983 2
-1385173940 16
1386216443 8
-1529789782 2
1948690431 8
816275871 16
1857523450 8
1311974462 16
78563118 16
-231757694 16
-541397602 2
1593414292 8
-1801470958 16
590338442 16
1792948110 8
-56952675 8
-1440798688 2
915901410 16
1627825650 2
-25584846 16
-2088607210 16
1512683172 16
-1395451093 8
176932033 2
-1500076294 8
919119993 2
550516634 16
-1487485983 2
776815393 16
-1327120959 16
-2107379384 16
-1297174861 16
453723345 8
-221970976 2
1384845441 8
-1976655932 8
544060228 8
-1443873449 2
-1351719453 16
-450914314 2
-825901124 2
-634276634 2
146090753 16
503345609 2
-301103609 16
-418892680 8
-1289507118 2
2069911972 16
-367533796 2
-34753754 8
-894481494 8
276312702 16
-473940571 16
-1634798559 2
1501729357 8
-1333548091 16
1400869631 2
1478711239 2
302387375 8
1151334838 16
-1788103267 16
512049753 16
-414904362 16
-1871844776 8
304497237 16
1685661445 8
996538120 8
822859639 8
-1419437658 2
-1088954457 16
1839681106 2
-534745340 2
1698519113 8
1933296261 8
-412124864 16
1954602011 2
-1310705854 16
1257947388 8
676177739 16
-857862672 8
796850690 16
1082194545 2
139417587 16
1537217458 16
559663809 8
1324959038 16
18399952 2
55602332 2
529903434 8
-1239811311 8
-1949426324 16
-1672841296 8
-460908419 16
1853959793 16
-1613237497 2
-32163834 2
-1394708562 8
-1930710609 16
-1806836343 16
525166096 16
-33597389 2
1962206149 2
-1692544679 2
-1584272080 8
-182475787 2
1094550132 16
2042033119 8
622483250 2
-924147739 16
1775545735 16
1723477420 16
-510612997 16
-620064085 16
718664991 2
393275393 2
-1140752195 2
521781744 16
-1723715790 16
149028217 2
820189753 8
-208440395 16
-2084322616 8
1613167147 8
-152266754 8
1735782070 16
1037082117 16
-491697005 16
-668272811 8
-361484819 2
1078505266 16
252122020 8
-1854086956 16
221225983 16
-1687618550 8
-881935989 8
-1216326524 2
1795168267 8
230681636 16
1560208864 2
-894260391 16
-235284091 8
-1532736639 8
-364064539 8
-1553428955 8
966839527 16
-663924899 8
-1224682960 16
253213674 8
-173812591 16
-1947574601 16
-54956178 16
-1428153539 8
930109901 2
-1813485736 8
-561669142 16
-368766999 8
-1264749177 2
53879076 2
-337101900 16
202652736 8
1924709209 16
859044085 16
-394223626 2
-1998198479 8
-282778163 8
5426287 16
-569985217 16
829163755 8
867639054 16
-1566146381 2
299403156 8
-405572298 8
-1043098726 8
-1706825538 2
1172777968 8
344716008 16
-183210267 2
-1274212736 16
-303108545 8
-736089260 16
-873112085 2
1165253467 8
253574632 2
-1524486119 2
-1015053781 8
1930359969 8
4862559 16
-1203030164 2
1769656353 16
-352866605 16
1808182572 16
-1760276398 16
1224494113 2
-1782598926 8
328825800 16
-917407209 16
-648092648 8
1843762156 8
2107798087 2
1607560313 2
208821953 16
-208759759 16
259413766 8
31101680 16
-2072299702 8
-80167944 2
1755894909 16
-289273479 8
856777595 8
-5773946 16
-1672560445 16
-1955174512 8
167542629 2
-1252679245 2
-1704691010 8
-792596432 2
-938271102 8
-1488679510 8
-1753560556 16
-1566238917 2
-931260298 16
-1632149662 16
-1973492041 16
-1229451824 2
967926475 8
-769834866 8
-156388313 2
-125302132 8
-914546938 8
-330793418 16
1993983259 16
1288773436 2
-1041599656 8
-1628046420 2
1930673916 16
-2042218186 16
470875982 8
-1111181351 2
1032273141 16
-138181774 16
355920608 16
-392543786 2
-2045111220 8
2053934462 8
945349924 8
-642607318 16
-1962730612 16
-1578783363 2
-961304155 8
-581877054 16
-875322486 16
623589447 16
1146629318 8
1361221368 16
464906220 16
139324782 2
-1924958669 16
1039238806 2
1652508009 8
647313545 8
589227720 2
-6027141 16
-1943202051 2
-198328345 16
-2084973458 16
545882372 2
-1351827672 8
-733689303 8
340843217 2
-729591274 2
624937484 2
620987114 8
1345351916 8
-1121685949 2
627977062 16
-1374722985 16
971994973 8
1316325081 2
2069669174 8
1199268596 2
1495507855 8
1944685610 8
-1727165686 8
-1800166107 8
-1910416636 8
-1684573177 16
-827856062 16
2143205716 8
-1212197111 2
1185001031 8
1306116696 16
-210232833 16
-1852869532 2
125190957 8
-2020581807 16
1662299138 8
192228934 2
1432738810 2
-1018894575 2
1288346497 8
-1101969674 2
-650390142 8
-704812417 2
1805749664 8
-1027856596 2
1808216290 2
-1448163372 8
-633801451 2
427127097 8
-353670671 2
2048069041 2
-2022859139 2
-1273854776 16
-2076260662 16
1961588183 8
1896240611 2
-115932765 16
-1364324416 8
-957894087 16
1926261966 2
750905697 2
954327738 16
1336982850 16
-695439291 2
-56612812 16
1727988766 8
14785486 16
755435937 8
772547495 8
1441000133 16
-2058096973 2
-399438430 8
-114268815 16
-300643166 8
278000762 16
-862351924 16
1791876838 8
732135717 2
888096916 2
-1980363432 16
-985861400 16
1201381189 2
1398618839 8
-670760628 16
-56527630 16
-780550011 8
57995674 16
188369536 16
-14284385 16
433242395 8
2089994540 8
-1697414593 2
-501534330 2
1940101562 8
5512259 8
-1796888406 16
1979496403 16
361975611 16
-39761391 2
1086207730 2
-560273244 16
502541068 8
1821968435 8
-832361192 16
496477317 8
-647769395 8
-1553338520 2
-1112428916 8
-1024711461 16
-428762719 8
155569665 8
-1309280276 16
17178511 2
315881020 16
532032829 8
-803745203 8
-1508440312 2
1188530977 8
1980201493 8
1213668718 2
1544030910 16
85937523 8
104012049 2
527836274 2
-1079886405 8
1646695075 16
-1809289972 16
900972685 8
-367112184 8
-1542580313 2
-1241943824 8
88871539 2
-928772087 2
-1229745760 16
204809552 8
877094532 8
1806555648 2
-1480891120 2
1912771157 16
1286306173 16
-1491336262 2
878774981 16
1552120171 16
-834245395 16
439198292 8
-930226087 8
-79385210 8
1837313156 8
1528918387 2
-2109899 8
-2006421118 8
641254343 16
197133142 2
1999195696 8
400285886 2
1976065926 2
14068073 16
-1559207167 16
-1330135229 2
-337325950 2
422534628 16
-4469654 8
-1814537847 2
904700459 16
-1609487061 16
395464962 16
-1574493815 2
893664183 16
-443385385 2
-1468224554 16
1557965004 2
-1550865664 2
-513065859 16
-720984819 16
-1425276429 8
-1423386868 8
-583053671 16
-476126134 2
1668257974 16
486394842 8
821163397 2
2065485034 8
-1720268511 16
15287145 2
-876822076 2
136691250 2
1876707718 16
1032779475 8
-215419575 16
395554864 2
1564575806 2
1529361075 8
66173665 16
361868823 16
-454658682 8
-101706263 8
-1268357491 16
2101339680 2
-453981334 8
1326604698 16
-1156069328 16
386085808 8
176755955 8
1675258246 8
-1587169391 8
-240324048 16
-331774185 8
410914761 8
-1506228170 16
1490516648 2
-2092113270 16
-1039469153 8
-1656617125 16
-630214711 16
606093236 16
-1471283510 8
-498305067 8
-1619248941 2
188756857 2
2056599764 8
106527424 16
-402314955 2
1140059103 16
1566246292 16
-1927616455 8
589015573 8
565430805 16
1609902242 16
-1739275425 16
1153538122 2
143527527 8
-1191118357 8
600602285 16
1721665829 16
-882439053 16
-328276381 8
-1607328826 8
-1670773027 16
232944741 16
152044081 8
1095651692 2
907050006 8
1362127003 8
1570065029 2
2064113426 16
953931916 16
984917607 16
-2086941607 16
-1917364468 16
-1069971346 8
-877118409 16
1943226495 8
-304479750 16
-1837732549 2
-1934324699 16
-1155771208 16
-171312522 16
1992805576 8
54593539 8
1608684179 8
-320216835 8
2053942372 16
339034409 16
1141379231 2
1896386547 8
-1459137490 16
-1531298935 2
-1058324003 2
1986796622 8
774010954 16
-1348503946 2
-1083335161 16
-549926331 2
1083252082 16
-238742090 16
1547618991 8
1843260426 2
483921253 2
225327299 8
-1695485816 2
1479768465 16
1588756842 8
-1227222958 8
1928484458 2
269191369 8
-726181820 2
-1997182797 16
-1378626330 16
883722482 2
-1621112995 8
-682822101 2
-669823591 2
1284295523 16
-2075844074 16
1972918454 2
-852164117 2
893376462 8
1940105900 2
-1740180267 8
1892011373 8
-2047432424 16
1364609421 8
-1501859756 16
-822958425 2
-124496286 2
-354424436 2
2137394952 8
2027817647 2
-596996652 8
1242027563 16
-371426109 2
-57412119 16
423564151 16
1996404104 8
-1363934734 16
641384382 16
-1200304793 16
1147959288 2
-115019887 16
2066226672 2
-450705706 16
734568868 2
-506352777 2
627588680 8
877855186 2
-760795644 2
1499163221 8
-429226882 8
1000637243 2
1677021873 8
687937069 8
-1960171 16
1569570474 2
-1393671492 8
-940245265 8
104396404 8
-348243370 16
-2000506305 8
1479702573 8
470638144 2
900363705 16
1971637642 2
387967142 2
1994637326 2
-1299072494 2
226479323 2
-236009410 8
927935424 2
3086685 8
-1371321403 16
1332942024 2
-2011288259 16
-1742679299 2
1717885408 16
-1464159418 2
-744375644 16
-262138336 8
-1463756181 16
-292446837 2
192092425 16
1562719754 2
7267538 2
-2038112149 2
-800279309 2
812974670 8
-1002181281 16
185096960 2
-1014190493 2
-1141102507 16
164169705 2
-1821266976 2
11680110 2
-647733977 16
-1880813456 16
-1713020119 2
-928569625 16
1611990128 8
-1269453547 8
1247707311 16
-1993377533 8
1779127811 8
-775637990 16
-1407214298 2
-973500131 8
114281181 8
286121660 8
1061970784 16
1024878341 8
1818797944 8
1128003723 16
-1542887317 2
1068643759 16
1052458270 16
896833185 2
-1376683361 16
1313810460 2
658678161 16
-482391386 8
1612193336 16
-79660051 16
-1617869388 2
-2019127762 8
43040046 2
398728396 8
205812346 16
-282909609 2
316616494 16
620822772 16
157219912 2
367503453 8
1409819871 16
-1378501026 2
585499462 2
1477325686 16
1452919382 2
-1844083310 8
-2122312236 2
-204118466 2
2107367135 16
-2046471091 16
1490204785 16
2033963361 2
-1825978671 2
-1446762516 8
1327850443 8
1145435407 8
201614413 8
237100859 8
1684514894 2
2088672434 16
-1921698328 16
-900262722 8
1890939190 16
2011293401 2
1028360722 2
2036668133 2
1355285496 2
1467890788 8
-1970606628 16
1850885838 16
503055989 16
840741611 8
1210456610 16
105965246 2
-1150897744 8
1445723809 8
-1792691010 16
-2040842328 16
1584114143 8
-345037185 16
-486217201 16
1049487226 8
-1221703577 16
-1209385890 8
2100200485 2
1914545780 2
1385825549 2
752794043 2
325116748 2
2019390404 8
254406666 2
1542722344 16
-1387120890 16
-820798770 16
-1252742431 8
-1763390906 16
1246606650 16
-2000683373 16
-660745799 8
71979199 2
-1077051882 16
1666206650 8
1567673556 2
603371050 16
-1624475384 16
-1830754254 2
-111132584 8
-1549457778 8
-720225256 16
348548396 2
513336523 16
-159478762 2
1959015511 2
1923321122 16
-1157153079 8
-1520616723 16
1322487050 16
744138140 2
-1001724237 8
-1781888829 2
-865793182 8
2139456244 2
-1428402417 8
-1451305217 8
-1617202327 2
838838984 2
531273859 16
1610467603 2
1838226521 2
-1193064528 2
1142423537 2
-1077104440 2
-626953610 2
-2036311450 16
-1790818242 8
981393530 8
1820880202 16
-1592025914 16
-560404928 8
1024930982 8
-1271342129 8
-13375372 16
-694271349 16
1516560639 2
-1931834001 16
1689591917 16
-2060699650 16
-1351997384 8
216966276 8
-1737918889 16
1805295338 16
858761887 2
-565111338 8
1926095489 16
1993959693 16
-833915720 2
1232155695 16
1440516515 2
-783749327 8
-1257108475 2
784519789 2
-672424132 8
1968972524 8
1794417160 16
-1459921539 2
-1324768162 16
158427205 16
-1037273032 8
1541315188 16
-1490872201 8
739184016 8
-1328955910 16
-710049526 16
1701776256 8
-766990026 8
-2113967926 16
2146884680 2
-414138165 2
-270195831 16
-1090784888 2
-1770810961 16
-1937165967 8
-147407806 2
760359058 16
859818335 8
731180930 8
-1119278247 16
-2075577884 8
624292022 2
-1249747876 2
1277339603 8
-891662090 8
1822692208 16
-1110652818 8
-1506138986 2
-215357542 8
459218428 2
787792118 8
-1130908745 2
-2119790722 16
1512582617 16
-762925677 16
157753386 8
-565916943 8
-1738550410 16
1085057043 8
471250543 16
1087013992 2
1034541772 8
-627702634 8
2051600486 8
3844261 16
-1956002286 2
-1226689699 8
1536438609 8
-960688331 2
212590614 2
1104608584 2
2071546323 2
271594952 8
-1969152574 8
138542975 2
1751389169 2
-1050067742 8
847586633 2
-1073583175 16
-1743638567 16
1305698038 2
900234953 8
2065542686 16
-1050778700 16
1934209327 8
1810139523 8
201438050 16
-1282162693 8
1806211509 16
-1688734262 2
102591260 2
575156331 2
1408693327 2
-1944519640 8
-824113338 16
-21251325 16
1423683823 16
535601469 8
1181609331 16
430086819 2
1944939935 16
1156707903 8
945607543 2
955477591 2
-334765667 2
624435008 2
-2129148080 8
-987225794 2
1504112176 2
1017887408 2
-496729096 16
-63245190 16
840332562 16
1350066191 8
-558469947 8
-388389315 8
-615140177 8
298253344 8
552830015 16
1725515705 8
-979291058 2
-1615870233 16
1430568472 16
-916232597 16
1156423365 16
2023241072 16
-46667021 8
-1376742726 16
1612561561 16
1642723017 16
2093968175 2
289240 2
1741462670 16
-2005845162 8
1371187141 2
-10783982 2
461798379 2
1403138684 16
167698730 2
-1728794599 8
1921230208 8
1140866693 2
-653846196 2
-1877968974 16
1282965698 8
1464262441 16
1375418228 8
754330332 16
-38323485 2
1799702220 2
-1907794300 16
1700202719 8
-1949947489 8
2041544381 16
2039169062 16
-1684407597 16
74013158 8
1626799348 2
-1971113797 16
579324311 16
-879146928 2
530477123 2
-2017610429 16
595030145 2
393009542 2
-225152096 16
-1830436786 8
-562017161 2
-2139546781 8
-200720314 2
1726459557 2
1769952682 16
-810335162 2
1196030237 8
-554272880 8
-2054623216 16
-1923048228 16
1409600315 16
-1308570053 16
1746322411 8
787233767 8
784919375 2
741443873 16
759125224 2
1171766772 2
1991408598 2
-1767588529 2
2019042823 16
236171414 2
743596372 2
536157130 16
1597613525 8
2077870721 2
511391878 8
499120506 8
-1396394995 16
-149968654 16
-588810136 8
2116395412 8
-196487301 16
1185887130 8
-1850220927 2
-1932013530 8
-1552919561 16
-1543572622 2
-104449524 2
-8948499 8
1063590400 16
-1527874102 2
1266575340 8
-1679114276 2
2082229513 8
490930966 16
-204547431 2
138398003 16
292021646 2
-1816856229 8
-627164833 8
1267598440 8
10668607 16
-408074732 16
-566658054 8
1525954841 2
-1770264233 16
47541645 8
-958249111 2
1849926976 2
1720162827 2
-306516391 8
3638817 2
232348445 16
-721593122 2
1042119288 8
-576484488 16
-1965906075 16
302390276 16
1267177403 8
-2059702701 16
-877745520 8
592525491 2
-1704786170 2
-730693564 2
1258790434 8
-1009874803 8
2032115715 2
619469294 16
1293802834 2
1623556781 16
-146754135 16
-82462802 2
-1985221735 8
-600357108 8
-2058919765 2
-2011346524 2
-545086377 2
1012469866 8
-1893259989 8
-49025425 2
703471394 16
388083578 8
688424636 2
-185359518 2
-439405417 16
-1733603663 8
488287013 16
-576471968 2
-656709195 2
-1093381030 2
710270961 8
1597990119 16
1216037651 16
-1311366320 2
-270466262 2
-1767232893 8
-481958296 16
799661950 16
-974701385 8
-968529048 8
1620391338 8
-914624495 16
-1762136808 16
394929335 8
-1596338777 2
-1747076349 8
892632472 16
234627356 16
-1408020313 8
590041605 8
-906654044 2
-996170360 8
-233321388 16
775189707 8
796106909 2
-1291623863 8
1591462131 16
-33384697 2
-1826854001 16
39538208 8
-496885227 16
-882331272 2
344849535 8
123463255 2
-164319289 2
1785149171 2
2108091410 8
79349386 2
-478391753 16
-1984307148 8
-1531801676 16
1709923718 2
1500019009 2
1414422381 8
2071170157 8
1415010044 16
355111208 16
2145470130 2
-2060596316 2
1542552239 16
1092134585 16
854057715 2
1052069324 2
379434197 8
1404006841 2
637898059 2
-78831091 8
559045664 16
-1456395096 2
-2108170497 2
-1177313097 16
-893216026 16
-339773820 2
-309182890 2
-450472418 8
-1967777831 16
-1071217806 16
173357036 2
423941228 16
1434771093 8
-1536667458 8
-1760529948 16
1120992687 16
738908770 2
-25863605 2
1919370744 8
1054257619 16
-744460928 2
1238416543 2
-1077613451 2
-813142707 8
-1112626362 8
1560845390 16
1284766553 2
377398985 2
224782989 16
-1071252188 2
1041365228 2
1900635997 8
-1707233150 8
829864307 2
-478249661 8
-292082429 8
491262294 2
1366146549 2
1503939183 8
1762044399 16
1720947471 16
-1026059145 8
872837851 16
-22079744 8
-371512628 8
-2109036728 2
-854521130 8
764275801 16
1397768756 2
1238668447 16
-1985541378 16
-1910613815 16
-1499638604 16
308719257 2
21625654 2
1442155361 8
-273412691 16
1002373709 8
-336256624 8
-785434107 8
1064500604 2
-1185635364 2
1705766931 2
816105776 2
1329928244 16
1293597346 16
743619582 16
1783093579 2
466403313 16
1241818646 2
-273005688 16
584150308 8
-815107767 2
583371080 8
-2124193438 16
-1848421939 16
-851590569 2
-1270599439 16
709640389 2
1543242389 2
-1266287469 8
-952482217 16
1734933984 8
-584219183 16
1191644791 8
290539918 16
-1042922526 16
1535478970 16
-1269374244 2
-1089835116 8
977903706 8
810154848 2
1204936097 16
-2078255804 8
-323174452 16
1856278905 2
1937237535 2
-684513860 8
-2014814454 2
-1007282705 2
-273913286 16
-1371363251 2
1612555035 16
1602283326 2
243869898 2
-2007975081 16
-674304520 8
478142192 16
427583763 2
-639237926 16
1533794174 2
624601924 16
-2136059767 8
-1037921300 16
-1241863355 8
-1014900210 8
1928648692 8
50192786 16
-1029640238 8
923534955 8
-732951786 16
-1451627626 8
265000195 8
694346941 8
-1369223088 8
1519961576 2
-211603765 16
72460354 8
-88206577 8
-1886146296 2
1174757321 8
-1680165175 16
1417556063 2
-1206023394 2
-1967002478 2
-568969084 16
-1742391656 2
-1160212729 2
143487356 16
210962701 16
-287986867 2
-2121502635 16
1915104149 8
-1257885134 2
855457575 8
-919721389 16
2054163443 8
845009203 2
1047862657 16
-222397294 2
-152568411 8
-30709923 16
272703885 8
-1838450671 8
1323274741 16
226494573 16
1635762874 8
1255946322 8
1128938325 2
-626217268 2
1253975839 8
-365298360 8
-819789933 8
-1781539068 2
-1642277986 2
-1667652357 16
-946161481 16
660423529 2
-297160266 16
-2131554493 2
-149297012 16
1738389736 8
-1833019128 8
-249758474 16
2090619670 2
-1493039432 8
-1996937705 2
-937011271 8
-1085471176 2
2117702440 8
-607103569 8
-1084477244 16
-1760293530 8
945453150 16
1715960746 2
1319065310 8
1900569511 16
1896055722 8
913567060 2
-2143009167 2
1439397075 2
-5515705 2
792275919 2
1556285683 16
-2118719791 16
-1096497977 8
-456434692 2
531113365 8
819163550 2
-1514458276 16
-263182260 16
914658841 2
1764334693 8
-960216142 8
957714415 8
-507461659 2
2002171089 2
1598006033 8
-1797855522 8
-407091 8
-1482710855 16
-2098263697 2
-1327580286 8
-2084886415 2
-1222747794 8
1900142782 16
107328318 2
1723116239 16
1686569868 2
1433264782 8
1591330613 8
636483244 16
-2075936596 2
-1784085397 16
1247118850 8
1236476173 2
1948940935 2
-507722355 8
889452916 8
-236078943 2
805613970 2
-693206897 16
1722385734 8
-1792081099 8
1129199248 16
437264957 8
794081414 16
1795331131 2
-1732404609 16
1137826947 16
-1907490965 8
-414786104 8
451404652 16
1170537542 16
812019788 16
-2015773139 2
-1005047467 2
872730241 8
398619987 2
-1421622078 2
529342595 8
1050596295 2
-4593547 8
-436237421 2
-1141616768 2
2003072285 2
2035567274 8
-891234541 2
1630861825 8
-773917463 16
-76911272 8
-256078386 2
1326925075 16
1487618971 8
1207518981 8
-1817708104 16
956116060 16
36682529 2
-1735634420 16
918900654 2
-55569830 8
-1608766764 16
119544049 16
-590354031 16
-874235917 16
1089625436 2
96889575 2
1153960975 16
1936931664 2
-1627063035 16
1557843515 8
-1831418897 2
-503979919 8
-1316961889 8
173029408 16
1254712131 8
-667633637 16
-1982306699 8
-1237296069 16
-219795993 16
-775977076 8
-312435546 16
-1147966119 8
-1357873360 16
2038194565 2
1053035283 2
73740966 2
-1691516615 8
2050300204 2
-627039535 16
2145705761 2
113907421 8
170060845 16
-1807848136 16
-1322782958 16
-889633609 2
481631747 2
-1750114407 2
146787672 8
1547110583 16
596586525 8
-1123646830 2
-1525538993 2
-658982737 16
-733230403 2
1691581304 2
666843263 2
-1190506842 2
-2134247508 8
-814467558 16
1276339881 2
-977813797 2
-382165752 16
-1598715342 16
1174252547 2
1998258809 2
255694199 16
178522589 2
-1525575704 8
1786156634 16
-1395917936 8
1347905122 2
-2142499334 8
1527624173 8
1948836789 16
718652799 8
-761613325 8
-1248817441 16
-448969796 16
-2128910530 16
-446974298 16
-164080645 8
89507451 16
-1466492146 2
-1710553402 8
-299393735 2
-1087273249 16
-465301790 8
783290418 8
1080431096 16
1789413401 16
-248021630 16
699271770 16
-1027018950 8
-1637981392 8
1376172761 16
1785176390 16
1696797698 2
981943565 2
-1627153760 2
316534972 16
-1713091035 16
-452897775 16
-1599321421 16
-1419545567 16
24184954 2
1542740515 8
148647116 16
711795497 16
942052555 8
-293884453 2
741503275 16
-1190381053 2
-1292656725 16
-752021482 2
65579625 16
-541041450 8
-817011189 8
-2106698080 16
-515191267 16
1669784288 8
447549902 8
-1659938891 2
969158432 16
780673728 16
1813340282 16
1184448615 16
1245996274 16
-1516341794 2
777862577 2
375227995 8
1325473146 2
-1706168952 16
1539562332 8
-792758704 8
435685758 2
1845268463 16
1719921847 8
-2019733338 16
1547375582 16
-197520808 2
1936476277 2
-1284793774 8
-1495876106 2
-1759538285 2
276354140 8
1775764638 8
1276715523 16
-66998219 2
-1123316491 2
-439187470 16
-319973846 2
1786445129 2
-1657164326 8
1190384190 2
-2011454858 2
-1300695697 2
272535082 16
1424581697 2
-1430116422 8
-557318317 8
976790273 2
-1681692346 8
-92380520 8
-1854727344 2
1158354597 8
1002971978 2
-1097595038 16
1818364778 16
71882884 16
624611239 2
-787197202 8
1534806126 2
1998592147 16
-1080656380 2
-617869374 2
-1183867361 8
1363889621 8
-25735425 8
46697537 2
691034009 2
-1632858264 8
-1087387927 16
683277842 2
1750354024 16
687519711 2
-1249710997 2
1711619095 2
1906735432 8
-791891921 2
252801652 16
522425565 16
1217256163 8
-297995280 2
374057899 8
-808966351 16
1377168939 16
-1984431797 8
2010816343 16
1291272606 8
998842972 16
1173949623 2
201413059 16
-1007529555 2
749501994 8
1958727144 8
1796377052 2
-1720522893 2
1330269323 2
1164862176 8
-1938265496 2
-1892833490 2
-340887903 2
-2116664162 2
-215851616 8
1878913180 2
1797849496 2
1811888513 8
2023195418 2
-1323711435 16
535327080 2
875299246 2
-1737623911 2
1110739491 8
-472275385 8
452074582 16
765871083 16
1542920852 8
-281520613 8
-2061562321 16
-1473387963 2
1480856048 8
-361113224 2
1121145350 16
1726643121 16
1249346838 8
571472819 2
-89243593 2
328261935 16
1976226636 8
-871409502 16
-124079739 2
-1180818702 16
-76908137 8
1314099062 2
245393493 8
-49899012 8
-1618140974 16
-1091342408 8
541792209 2
1576283160 16
-1575068240 16
652122095 8
1527457623 8
-1480109973 16
-1276698061 16
-1350098785 16
-2000630645 16
-1937572220 16
1005170806 8
-1756525722 2
683305606 2
-172063947 2
451063193 8
1425971149 2
1439996253 2
1565970310 8
150763548 16
279279361 2
-441377071 2
-1840393517 2
357568345 16
-1513474351 8
404938178 8
-409433855 2
459791107 2
1097582281 16
1123532402 16
14066146 8
518390926 2
-476234509 8
1898493617 16
-1123839782 16
2000178345 2
-1617051004 16
-113442620 2
-208951454 8
1756177079 2
-576518029 16
748126482 16
-67388707 2
290426073 2
-1427178457 8
2007172857 16
-1715453716 8
-1682620378 2
-1411718795 2
539219942 8
1337151246 2
1719611149 8
1721830563 16
1108912408 8
-1065632970 16
1424357480 2
-415198937 16
-1557236668 8
381178947 16
1802300687 8
238883593 16
685857538 2
-1641404609 8
-1411782431 2
362060592 8
1623650334 8
-2108448064 2
-1719708075 16
1374611792 16
1092580492 2
-1952034752 8
1987169793 2
-2141622634 16
600830249 2
62667578 8
1444088212 2
293288266 16
-1128954148 8
-1451961685 8
158927950 2
1519195254 2
73635527 8
300321848 8
1272563740 8
-209997771 2
-1533503579 16
-1130342389 2
1613256997 2
877883379 2
1263822448 8
465700479 8
832700821 2
1332073286 16
-922491705 2
-1251110449 8
1971130995 8
-1224173036 8
-778755516 8
680656417 8
-318112207 16
1857187539 2
995008269 8
-1147665292 8
619957150 2
392152928 8
1430800215 16
730929624 8
-1788209648 8
-679862751 2
-2127720911 8
-63250230 8
1731963142 16
-2044598248 8
-1712474577 8
-181250750 8
-1080496511 8
-594967945 2
-2013601367 16
16535340 16
1082502997 8
-370442251 2
147428685 8
121647479 2
524622532 16
-1868486860 16
-1695149103 8
-1722545401 16
80618185 2
2016740875 8
666297275 8
719664366 16
649085372 16
-1145634411 2
877088292 8
-1660740078 2
-1691578441 2
-1539049375 8
-1551237286 16
-880766632 2
-1955879535 2
-1094053375 2
257778397 16
1246360272 16
-1916891572 8
1523175358 16
1269003686 2
1255010371 8
-85646214 2
1869357376 8
1401487352 16
43422933 2
695794138 2
1244428202 8
-868366198 16
1538674491 8
-243879382 8
77756008 8
1750142427 8
1278118754 16
-2024662481 2
2076725678 2
742882127 16
171120535 8
-2124463642 16
-434696242 16
1599094517 8
-1431296966 8
1578970684 2
-1712415635 2
2095255228 16
1722230064 8
1760021567 2
-268172643 2
-557154756 8
-1729154078 16
-1649014499 2
-812692262 8
57068880 8
-1061747117 16
1719486828 16
-257546584 8
908344454 2
1201072013 2
1239692804 16
-1882461316 2
-1535082145 8
1368567620 8
1035745554 8
-1347933816 2
928829706 16
-220616995 16
1072124111 8
-1361157792 2
1609175884 2
-1051718784 2
-53174635 8
534071225 16
538920864 16
1381764011 2
-1579977708 16
-1862024246 2
900864169 8
-389254597 8
1354710019 2
1735153149 16
-370532344 2
1975001050 8
308765383 16
282679751 8
-1421440880 16
-1571544846 8
181682742 2
2073478846 16
-1970023257 2
-1933187152 16
-286370797 16
-1233527411 8
-364457847 16
218560063 8
1670450491 8
-272385832 16
-2050402475 8
1652728725 16
752029183 8
-382333625 8
-981759511 16
418462139 16
633374485 2
1612830638 16
2118136766 2
1190149668 2
-1462580174 8
-1878558973 8
411546576 8
1378811743 8
872997773 8
-1953239736 2
-1419566771 2
-223419113 16
359285834 16
591100463 2
-1914186422 2
-1275283327 2
-967175407 2
-26363368 16
1563418574 16
-181555498 8
1595562860 8
-425272700 16
-1613657029 16
-691993146 8
-400891173 8
-1730381928 16
687445081 16
780000061 2
1984618977 2
1560240636 8
1438480234 16
-1398754421 2
318289516 8
-1649448835 2
-221277383 8
-1002623178 16
-1015997089 2
305601603 2
608154088 2
-2097516356 2
-679872288 2
992888588 2
1021384955 16
-543402413 8
-1383964307 2
600677330 16
-1268616308 8
465601851 16
1326608871 2
-441366195 2
1686936097 2
-141679497 2
-15204146 2
1457390268 2
1453563570 2
1166823471 16
-712676421 2
-1135143399 16
573956763 2
-1411584289 8
1050293173 16
-227193667 16
954092445 16
-551901159 16
744444624 2
186387750 8
1113639768 8
550527423 2
170160403 16
154637752 2
700499512 2
835556893 2
1548796685 8
-294238818 8
449075303 16
-686436925 8
2132081046 8
-807856696 16
-77269718 8
-477427580 16
-1180161480 8
886882728 8
2347064 8
-1346969318 2
2050497316 16
-401148932 16
-333360390 8
654092548 2
-1184071033 2
-1733150241 16
2124779623 16
602589059 8
2123687056 2
-1209200679 2
869415073 2
-341608020 8
-237550568 16
-1986219683 16
1481478687 16
1069259374 8
-1379694538 2
427095535 16
-2132266730 2
-2136452417 16
-1218155943 2
828929160 16
1619186579 2
-348538915 2
-206580419 2
-322168306 8
783985212 8
1169360637 8
-1044025211 16
-306750044 2
-1358096212 8
701168509 16
-133377253 2
-1201715001 2
787431916 2
2076535764 8
-1288483345 16
2107581222 16
1526458393 8
-1437517018 8
373322587 16
847128881 2
-1854076730 16
-1209382657 8
2134854849 2
-1017364537 16
1767991760 8
-721471079 16
-1946614205 2
1015353870 2
-625390993 8
-1350767999 8
-1842804176 2
-1497801115 16
1006806989 2
-1206241783 16
-838437609 2
-1325327507 8
1634135434 2
-2049222093 2
1769929411 2
-892591189 2
-469513456 8
-742642242 8
-988575853 2
-1773861863 2
-1506125340 8
1708023852 2
1353148545 16
-115417007 16
1490265299 16
-795231333 8
507228313 16
202429855 16
139016776 16
83678599 8
-2031013698 2
-623014877 2
2128330000 8
-1200919960 16
-609138035 16
978069106 2
-134444762 2
1258601815 8
585979327 16
-255899930 16
1222722214 8
-237431000 16
526005819 2
-1922526861 2
-555114254 2
12664712 2
-1380299682 8
248597870 2
-1545988485 8
707384317 2
-304083846 16
18310492 16
2047554859 8
2110695596 16
1084809449 2
34480672 2
-584261698 8
1191117463 16
1490373975 2
-758163394 8
1983214403 2
-1509366629 16
-176461845 16
1498634382 2
1986086545 16
1673263692 16
-1467925485 8
2096254209 16
35955561 2
2035510245 8
-640402872 2
-2067513722 2
-1364862374 2
-2086482329 2
1213455376 8
-720621316 16
-2514527 8
-2043945503 8
-1635779482 2
862550643 8
-463616137 8
-1088624394 16
1035223403 2
-1468908710 8
-1896110368 8
1786870855 8
-101064650 8
-174145395 2
-1519192500 8
-1134604725 2
584475867 8
99438174 8
-1500190001 16
265134519 16
-1604848398 2
1742111859 16
-580396678 16
827866121 2
1154134561 16
-1440031293 16
73904367 8
1896490368 16
-614189768 8
-337865154 2
337033432 2
340569067 8
-1591455858 16
-810544917 8
1864960352 16
1245233616 16
-451970432 8
1991594244 8
-1020264785 16
-764239794 16
1957135040 8
1709587524 16
124532742 8
-658438975 8
1360964977 16
884775719 16
1269754399 2
327222560 16
1218808371 2
-1786206993 2
396973564 2
398598701 2
-1598076091 8
817937334 8
-1554867794 8
1282821981 8
-2119548814 8
581155480 8
-636955260 8
-2119981054 8
2027234532 8
434514879 8
714900659 16
1557651355 8
-2062083807 16
889111879 8
-1991404957 8
457951760 8
1342828670 2
-1973269719 16
-878832042 16
1664823065 16
1385866823 2
-770209039 8
1762400438 8
1640770987 8
330426431 8
-1816370127 8
190243985 8
-1437171902 8
1229530506 8
-1596194116 2
788294652 2
1615576077 2
-1546722236 2
-1220121373 16
1712404284 16
2123216600 16
-959901108 16
-64076096 2
1650815835 2
-1342317418 16
1982765083 8
578243445 8
-1245993057 8
218365162 8
-1540589263 2
-408069770 8
-1175374898 8
-181044369 16
-967189126 8
-1672680225 16
-108328709 16
-1189493933 8
-1715715219 16
308501834 8
-1861784183 2
1863154350 16
-1331158854 8
-1850278817 16
300334309 16
-510211280 16
-308324077 2
893547304 16
2035108221 8
-111548014 8
-238630219 8
480636412 8
-1585166979 2
314406816 2
-1933375242 16
-252050185 2
-1189919760 2
1587966210 16
2088985511 8
123572676 2
-307797276 8
2107424215 8
2146913445 8
-913091972 16
1033185879 16
-482781326 16
-1499900406 16
-256297114 16
-1495437644 2
-472998264 2
1572700626 16
24321928 8
-683050197 16
-57818610 2
8842791 8
-1226193442 16
-10469448 2
1131825078 2
610724017 2
1745968835 16
-1230807619 8
-388609922 16
-527153967 8
173349762 2
1964747047 8
-518349031 16
-1248948259 2
1719197270 8
855663748 2
-854262790 8
-1305122243 2
9938903 16
-1354266803 16
-746640107 2
1024669957 16
-102520895 8
-250596558 8
-294578286 16
-129406042 2
-1586254562 8
604891279 16
-354540547 8
-532191362 16
1366168399 8
-974751220 2
-1982376280 8
2007916302 16
-612856498 2
-128013928 16
1576173984 8
-2119358707 16
2107313310 16
179264676 16
534010228 2
879596470 16
-1786375529 16
1818965742 16
-418627209 8
-422897899 2
-1253489768 8
-1198851995 16
-140071114 2
1280943799 16
1466315682 16
-1220556961 16
-1584907614 16
-1401480062 16
-1953166751 2
-2062125234 2
-27475427 16
-1130749582 16
1610981702 8
521001882 16
973734459 16
1554943452 16
1874218927 8
505051187 2
-1054467939 16
206690567 2
445322336 8
-439335324 16
1920897338 16
-1210248318 2
-3578506 2
677180047 8
1032821166 2
-877900541 2
1404059665 2
656557814 16
2090948725 2
-796548481 16
1635609353 2
-1321102254 2
-354034466 16
-1901669272 8
-2131051808 8
1375839837 8
2099682452 16
1325116674 16
-646662925 2
-30471041 2
1923707284 16
1512336320 16
841641332 8
1456677282 16
1360755966 2
-689078976 16
1756415437 16
-77540265 8
1495583334 16
835537683 2
1677243335 8
1938221273 16
412285717 16
-1368230664 8
-208984515 16
1963945067 8
1393330032 16
-2098692850 2
1648442251 8
1504877658 2
-387331184 8
1688443358 8
-2068895797 2
1900636642 2
1313885552 16
-1361374722 16
123083554 16
-877703674 16
-1179660928 2
316357279 8
454733532 16
1587548880 2
-477628090 2
-2003846339 2
122571062 8
419676664 16
1184205351 2
247244660 2
-1720112206 8
1409171109 8
1210929267 2
482837184 16
-224619730 2
2056917247 2
1223158533 16
-1144485892 8
-195712981 16
-1372788266 16
-677848012 2
2123673720 16
-768296820 8
328003712 8
-727741065 8
1885057000 8
1974598147 8
-2035953440 2
-272387562 8
1117658935 16
252815328 16
-129293644 2
511922451 8
804678454 8
1331302268 16
747844970 8
1028181776 16
963987318 2
-38041628 16
1343554457 8
591566946 16
1898654085 2
-622689846 16
909442793 8
-1618415292 8
1814991072 16
-17875530 2
2123578354 2
-21219045 8
-1577929970 16
-619189696 2
903402039 16
765711776 16
-1719422103 2
320915717 2
-549561533 2
1699099313 8
-1958139632 2
-423371505 8
100088641 2
1665437251 16
-1536246978 2
326992421 8
972914612 2
782084179 16
-298644420 8
-607381882 16
-1529404149 8
1731716504 8
-1611313298 2
1040824143 8
352264939 2
1905713324 16
217037976 2
-575102668 16
172702773 8
902443813 8
28401596 8
372159084 8
-1319091443 8
-233887511 2
-306493771 8
-2176829 16
1495687268 8
2064820660 2
-2095032588 8
965633161 2
-874120154 8
1272037477 16
-1779331209 16
334965013 2
-1641760323 2
1105893599 2
-1894042547 8
-2124015759 2
-1098172976 8
-125380685 2
1497920156 2
1487985127 8
-1875707009 2
-491620039 16
1200076490 16
-1564820320 16
1204799189 8
-742469365 2
1609845356 8
-1555768365 8
-822676895 2
717549198 16
1530793663 8
1867492962 2
-168598456 16
-1705207475 16
-1585736090 2
955572646 16
-759799738 8
-1590070170 2
-79364248 2
-450144997 16
210487751 16
-2065670806 8
-1671107635 16
1998034643 16
1116071084 8
-1716406610 8
2015871900 16
1448249323 8
1248453806 8
1537655752 8
1166895158 8
182843258 8
-484649875 8
106867283 2
544412262 16
1452521012 8
1276112621 8
731020599 2
-1089371318 16
343248319 16
-2136127651 16
-1173766558 8
2062419933 16
133959405 2
1110364481 8
-504576671 16
132189275 16
1173005472 8
472052248 16
-226713878 2
-1655888718 8
-791023803 16
1865797931 16
1511540387 2
1190616935 2
-1540863434 8
-1013863309 2
153011193 8
1424619323 16
-724184207 16
867081591 16
1079862489 8
-1564894440 2
1986843215 8
288129864 8
-1227429763 16
1209694051 8
-377907133 16
2129477227 2
-1016931939 8
-942606045 8
474750422 8
-952234635 16
866166075 8
1041951852 2
-238376593 16
984500466 2
-467223433 16
-1401930891 2
1905541889 2
-713570772 8
738653600 16
-1289183551 2
-777296351 2
-2074753436 2
-1556972902 2
1525441848 8
1839274815 2
-603511856 16
915129847 8
929160998 16
1713412770 16
-1071342394 8
-1086312371 8
1976308141 16
-1435859143 2
-258352281 16
-787238689 16
1005346123 8
-64147918 16
-1430016940 2
-1221782804 2
-2057269318 16
-1705849219 16
416575110 16
-1860601033 2
-1564917337 8
-961490951 2
1450788535 16
1754739847 8
-429920815 16
-1039860900 2
-173906871 16
1713011752 16
479108076 2
-1133209130 16
-996285547 16
260011296 8
-1759352390 2
-900199540 2
1950818039 16
-1602273397 16
-2096408919 8
1655307281 2
-1076304300 2
-2047756807 8
-1661851703 8
1304699255 2
108190128 2
-1971740935 16
753921559 2
-397113883 16
-1157177426 2
1833257850 2
-1887813816 2
-1834833131 8
754097574 2
-1261876146 2
96284972 2
1452571009 8
-601211472 8
458509335 8
-1910516157 16
2128212016 2
1384913911 8
584937047 8
2127200082 16
-762165715 8
320456312 2
2095302803 8
705582417 2
999585250 8
901082581 2
-523717751 16
-1531005230 8
-1493359012 16
208125901 8
-1188035944 16
-454387135 16
996557666 2
-376778359 8
728176677 8
1511792533 16
-238878896 8
-834417779 16
-1199756772 2
-607833074 16
-958614662 16
1516062676 8
658469322 8
-722144939 8
1308711134 8
-90007163 8
-1007843288 16
1962245783 16
-1701165279 8
-1045483388 2
1296844701 8
2035486178 2
1320056467 8
53584546 16
-809897614 2
-1438423209 8
2046612087 2
-479846304 2
-641163945 16
-110759313 8
2087491701 8
1326164995 2
-1305061657 2
1855631343 2
42690171 16
731758968 16
-983890176 2
373495902 16
-1019534647 2
-824987860 16
1808152858 8
1021698279 16
690588109 8
-235632592 8
1601675596 16
1532689181 2
2065844844 8
-1068194949 2
-1565480980 8
-556332730 8
1827764104 8
-1186619606 16
678665018 2
107264522 2
-65358985 16
1183898769 8
844425844 16
-922933834 8
-1325531232 16
618157062 2
1093385311 8
-533111674 8
373780572 16
1050915671 2
-1317692457 2
552121690 16
1593697526 8
-289529357 2
1604863195 8
-135992723 2
918016814 2
1723261947 8
-1248545964 16
1356381247 16
894063861 2
-31878326 16
-214688260 8
1312463860 8
566517939 16
811857935 2
1617112517 2
-804308374 8
-968821451 2
-1273901322 2
-595483356 16
1348475278 16
-185071716 8
-614653601 2
-1139544573 2
1128689496 16
-1439082686 16
-1546870794 16
-1463552677 16
-1585407105 8
-115611777 16
-1969397373 2
708473209 16
-1106024208 16
1548218313 16
364413699 8
1903259915 2
-1302188219 8
-1690848201 2
1655216249 2
-1463936013 8
-553216105 2
724698288 16
-1752849439 16
-1439518911 2
702286766 16
344269050 2
-1941190977 2
-121849977 2
-1714762800 16
-2105161938 16
-1760433696 2
-944521996 2
953857070 2
1016764703 16
-798593878 8
-507543998 16
261109442 2
-2142920470 8
87086111 8
1998787076 2
1522247975 8
-238834911 16
-1516291152 16
808785331 8
-606598159 16
263844119 2
-106776912 16
903276195 2
-1326417306 8
1213383205 8
2043586900 16
421940708 16
-1303672461 16
357938381 2
868964327 8
131743337 16
-2138695534 8
1321085330 16
-945854684 8
349935095 8
218461303 2
1286785168 8
1846675873 16
-675766640 16
-1807243278 16
-89945594 2
1037186845 8
-1251660976 8
1940688930 16
1053904930 2
-6978423 16
-1110235136 2
241167308 16
-913917652 2
201608674 16
1815254900 8
-367656388 2
781334851 2
208440914 16
140311320 16
1534600632 16
-1512964733 16
1749136979 2
903907300 8
-179802102 8
8774720 8
1022785564 2
1110197958 16
1260071666 16
1970786163 8
-72269177 8
-914769937 16
-1501283165 16
103734777 16
-1719151816 16
1716509485 16
-854712892 2
2136062403 16
99220945 16
373595111 2
662097766 16
1595862788 2
-870546824 16
1473897931 2
65459252 2
643320541 8
2128116968 16
725829861 8
1239188142 8
626574085 16
-1423086875 8
-1812516128 2
1186794543 2
1786281707 8
852910664 16
1701558424 16
2128182609 16
1794686907 2
76113360 16
1954567949 2
133707991 8
843824888 2
-952771636 16
-1463523112 16
2061645510 2
411596474 16
-549453038 8
-1252226193 16
1888744877 8
-1295333348 2
334882091 2
728541008 2
-1475691816 2
-1331153916 2
712573302 8
-1915832625 8
465354634 8
1971263655 2
727658317 8
1175999888 2
-2009493217 2
-1312356617 8
-1778258832 8
-1528966571 16
-326733590 16
1369244128 2
966098472 8
964685538 8
1747366032 16
-727431766 16
632926350 16
-1777876354 8
-501915263 8
1323274468 16
-2112599302 8
889499014 2
1211609663 2
1492698873 8
722199136 8
889198402 2
-1297941446 2
1827711197 16
-1167261592 8
-1234799733 16
-361701496 2
-399214578 16
-1924440123 2
-655101194 8
1320841061 8
578108119 2
-1595176652 8
-290194365 2
-1646838998 2
-1985695812 8
-1013379607 8
211109070 2
352526336 16
-1955719657 2
-1052126277 16
547891969 2
-85571524 16
-1588220998 2
-1181670932 8
1067545515 8
-1730747828 2
-1782300563 16
-1422059664 16
-1832334793 2
1147045128 2
-1258196538 16
367946672 16
-1738560236 16
-1771673295 2
-1420908726 2
-1131212762 2
-1248453297 16
-526549290 16
1734411947 8
766789165 8
466993638 16
-161202310 2
-1568446877 16
1916573694 8
196262597 8
1531319966 16
963026901 8
-1524984014 2
1507406916 16
1759636188 2
439389398 8
-321604562 16
-288508966 16
313219816 2
-668284092 2
1279854325 16
-494858175 2
-795179435 8
-457642728 16
1424522768 16
-1263037756 8
-720864310 8
-808116481 16
-1698546202 8
2020494177 8
-1041942435 2
1467974802 8
1639880780 8
837627943 16
1602997105 2
1818046535 8
-393200614 8
25811579 8
-1492262199 16
-1727909007 2
-1980222432 2
-147193674 16
85350156 8
1412539665 16
-1529798655 8
-1572323847 2
487541382 16
-815436194 8
1511151953 2
76825749 2
-65816434 16
489743501 2
696707499 16
-1896989035 16
-291446077 16
-1842641288 16
-1642797650 8
1805158063 16
1215563315 8
-1942745415 2
981494063 2
168479512 8
1194688462 8
-539520093 16
-1664966040 2
801002039 16
-387521886 2
-1997126972 8
1932074037 16
-904044747 2
768600170 16
1259600863 2
439743350 8
1444548341 8
332690014 2
-811333149 2
-461904862 8
430447239 16
-1459745606 8
1904611066 16
-207654940 2
2053809171 8
502107755 8
-1542446173 16
-2100451310 2
1146920378 2
1828652821 8
1906690900 8
-1372852691 8
170756961 2
588234934 8
-1933486755 16
-189332345 8
-167571260 16
147965632 16
-1145942192 2
1024345790 16
-1599593840 2
619839634 2
1766509976 8
-485454438 2
-1040781568 16
-2112871567 2
-1147224037 8
747489710 2
-933402015 2
-1930613306 8
-971720935 2
1897800429 2
-1499856864 16
-1618737961 8
125949984 2
-1839252235 16
-1838602692 16
628346011 8
-1032826034 8
-1810310391 8
905101862 16
-1454014358 16
1509618762 16
-174208162 8
-1726807883 8
-163314554 2
604563131 2
-668772384 16
-43202637 16
-1331904771 16
-1075057960 2
-1428962303 2
2029996949 16
497054088 2
1182168145 2
1879398838 2
-2050061699 8
775892274 2
-1572076130 8
-676648287 16
-1056787094 2
-799275079 2
526909031 8
-373357550 16
-704091733 2
2132850086 16
-1029713574 8
959365738 8
1550822323 2
7159758 2
91986686 16
-1695866561 8
-2109388146 2
-1092404446 2
-1855721409 16
-13528507 16
-2096998041 16
855092303 8
2109715139 8
1058492298 8
2058693437 2
-1328219192 8
-889564753 2
-1034129899 16
1289815075 8
1900299904 8
1350498842 8
-917524877 2
-2123633769 8
-905968532 16
632939654 2
1861418622 2
850323891 8
481716846 2
513497011 2
1263586250 2
-811388424 8
-773803632 8
-167450790 2
1157646324 16
270115604 2
1166476695 16
516352329 16
1146129020 2
1335911538 16
769578705 2
-538610775 2
-1475122067 2
1895680891 8
-634399830 8
-607229446 8
1786434321 8
-1279570733 8
521860013 2
1622511704 16
1301205163 16
491483749 2
-647766064 16
1417743004 16
287431772 2
351591350 16
-1452610717 16
-1653899941 2
-1129747770 8
976009703 16
-283165542 8
1483612247 16
979512695 8
892011689 16
698748833 16
-614118317 16
-54797383 16
356741776 16
-269167135 16
928563037 8
-2016820990 16
2039608961 8
1169303831 2
267726984 16
1721071359 2
2001825821 2
-377985110 8
1879663474 2
-1596711490 8
-561910567 8
-1214218320 8
-1065339679 16
997002516 2
-330068190 8
-1040340592 2
1508677480 2
452214592 2
1479362130 8
1125704336 8
-348356469 2
-587969880 16
-937071937 16
261024011 8
1444909822 8
1443059285 8
-2102260527 2
1308914224 2
819866985 2
734755680 8
-529732694 16
-1649333002 2
-1195154192 8
429099438 8
1883530410 8
-583803263 16
2059082502 8
-1435644823 8
311291054 8
-1218454803 16
-1296097772 8
1979386135 2
-80525817 8
1325021108 8
673711424 16
-150611355 16
70610420 2
-1082842006 2
810016649 2
-278151270 16
941130596 2
1919678610 2
-184078485 8
-22126160 2
322095675 16
1139359361 8
-1221095215 2
-1996526678 16
1965942060 8
1374872423 2
-611746128 16
199584285 2
-1768180088 8
-140864642 2
963843406 8
-571620117 8
-1904550497 2
290965679 8
-443159959 16
-133800233 16
715037593 2
-1233813918 8
-125671535 8
251935299 8
588359589 2
-1972810360 16
-1899135645 16
-1559647898 8
-825328853 2
-1030150704 16
1620049151 8
1213847160 2
-1663883880 16
-637525972 16
-757453511 2
-1578640277 16
1294332071 8
-1386351884 16
1551701096 8
-1511483429 2
2136565978 16
-647602503 8
-1915505946 2
1309572763 2
-769269398 8
-867164632 2
1156411004 8
1819575813 8
1173627724 16
-2113522637 16
-988445394 8
-1449603739 8
-1089632662 2
825360965 16
1304967383 8
635218867 8
-287818050 2
-332673899 16
1457435840 2
690596532 16
1742131550 8
176327674 2
37926956 16
-434896564 8
-1838875867 8
1525057168 8
-621575849 8
-1847110169 16
1490431454 2
-462985475 8
1328448572 8
1169123565 8
958921471 16
-38821810 8
-2140083642 8
-1905968376 16
-196837325 8
1150189388 16
695412415 8
-994628567 2
606102213 2
-31074408 16
-1363956597 2
519628658 16
-2085437473 8
2085155555 16
251770748 2
158522933 2
747731478 2
1944873629 2
-508534307 8
356019197 2
-1201271851 2
-803780858 2
1418596880 8
-1093575852 16
-823417298 2
-1100778695 16
-723735932 2
-429133539 8
1057141331 2
-948702159 16
1682788375 8
1683621780 16
-99625058 16
-2056652709 16
1050640702 2
1712039499 16
1041482159 8
-944522749 2
1813579097 16
-491839995 2
-1032162024 2
-1839723445 2
850611334 16
2003085130 16
-85689445 8
1037147074 16
559091836 16
230965670 8
-400464586 8
1223331352 16
-197856114 16
675215420 2
-73065541 2
-249216309 8
965035158 2
-1780451027 8
-1066496034 8
1216340377 2
1903397714 2
-1265228784 8
796975928 16
1732285330 8
1470672958 2
860202634 16
-700910277 2
1959476693 16
811910457 8
-699175370 16
1413518736 2
634021524 8
1013041771 8
1940890040 8
-812018035 8
-587244246 8
-125441483 8
1100667147 2
-219616055 16
619494213 8
-1436349562 8
995989065 8
-1586023467 2
-156795870 2
1114714228 16
1157447130 2
1828451197 2
-1634064760 2
-689899130 8
663376749 16
-764036064 16
987601105 2
-680360691 16
2113620164 2
956915336 16
-1721380814 2
1993453937 2
-1999787495 16
1788679267 8
651582464 2
359795725 8
941630615 16
483924207 8
156672202 2
-1390989221 2
1245450839 8
802683155 2
374652914 16
147884805 8
597866011 8
1317990412 2
1483315353 8
2147306558 2
-1000569731 16
-2066969211 8
256739147 2
-972466273 8
1439794278 8
1194350626 8
1299617112 16
-715637713 2
-1694384920 16
-24239211 8
-1610916626 16
914805165 16
125022596 16
519192504 2
230934967 16
327028551 8
-2006822678 8
-1885013383 2
-658727556 8
-1741157608 8
-956853311 16
1163318783 2
1042826337 16
-1428540150 8
-1685103769 2
1666475142 2
-4765274 16
587401239 8
1215117158 2
2071338154 8
1314170743 16
-777467848 8
-718604021 8
-1886995621 8
1865871794 16
-1095635525 2
-1948855450 2
95415668 16
2078760665 2
612226683 2
-68651861 2
509226730 16
-1409501246 16
104767355 16
-1925968556 16
1132430574 2
1911550679 2
107262609 16
-1660855504 8
2083957030 2
1017937063 2
1687576843 8
993357742 16
56402674 2
-951870307 8
1252614593 8
1751369840 2
-422812968 8
2034373829 8
1220355296 8
-839951193 8
1056103561 2
-867552256 2
1065251689 2
-325127726 8
1336862031 2
-1994190225 2
-529682009 2
1663734291 16
199470722 16
1767108434 16
493777765 2
-1178737610 2
-1246619189 2
626961062 8
46979898 8
-1385568788 2
1348984347 16
-672197297 16
1625926265 2
-61035308 2
1170739180 16
-850343807 8
-1267139230 16
-308086773 8
1275337374 16
1266870770 8
-340146680 16
-740062424 2
-1677037139 16
78143670 2
166181345 16
-2028398799 16
-1083067511 16
2084986411 16
859231693 2
-1763611468 2
-584064689 8
-1366475954 2
-1871724721 8
113821420 2
818072291 16
146636982 8
1084844372 2
-453707876 2
1085710982 8
1560178565 2
1932040504 8
-575141823 16
720070758 16
-1436778424 2
1883375633 2
1176654295 2
1089535726 2
1864481463 16
1361512159 16
257874741 16
-439350175 16
990610329 2
952032758 2
-636228213 2
-277829434 8
-277175815 2
335087258 16
703428244 8
1223143274 16
-1452461812 2
-1387567259 2
815808613 2
-525491704 8
19928428 16
-136908161 8
656370501 8
1261910835 8
-584038307 8
-1267510389 8
1800319058 16
310817718 2
318970431 16
1277572479 16
1647287596 16
-810335417 2
-1244555529 2
1987166564 8
1528951554 2
893288274 2
-2082158130 2
-1340357896 8
1898487889 8
264789899 8
-1473641197 2
2103966623 16
-1304652878 2
322508294 16
804141454 8
-994004476 16
-1974807408 16
-129424430 16
-1779969114 8
-876939595 16
1592027371 8
-221816400 16
258304828 2
-247972384 2
-1885645409 16
866090336 16
-1336957813 16
-1378377000 2
-46811512 2
1089789641 16
-885577184 2
-1183832091 16
-1751035505 16
-705262696 8
789867297 8
1129462268 8
-1308384274 2
-1617390152 8
139182557 16
1351934008 16
-1210543963 8
-1608068917 16
2070728067 8
-1929065340 8
-516393987 16
-1292205731 2
1070198281 8
268655783 16
2030276278 2
1967845854 16
-721844797 2
-1112572361 16
-1817564256 2
-1853940607 2
-506012767 16
-963273907 8
-1943135447 16
-1422884150 8
-1519718409 8
154522900 2
1981976362 16
1154338032 16
1378255718 8
-1625821777 2
1119753677 16
375067963 8
160572788 16
-1849378136 2
57543486 8
-1285156920 16
1279624581 16
-1567198985 16
-1310411333 2
-1718088201 8
-1515941589 2
1995802217 16
1999228619 16
-1382998098 2
1803334569 2
-453869493 2
241112698 8
-1027634200 16
-521081648 2
303351853 2
-1822233526 16
-294744504 8
1513937460 2
1593831376 2
487078681 16
2066455357 2
609705065 16
-600828562 8
-707307734 8
257152242 16
-1285094908 8
1009160754 16
924145849 8
116164513 8
1323491819 2
330058066 8
1434241230 16
-1055732596 8
810507810 8
-739550571 16
-463567053 16
-1619461182 8
-1850859661 2
1790963721 16
-2106702910 8
1209318320 16
-1921449876 2
-1810039848 8
-941103107 2
-2077754705 2
2015681535 2
606460769 8
-661946384 2
486350883 8
-364142461 16
996932700 2
-1142698670 2
1802381844 2
-696977857 2
-1891539490 8
775741829 8
990381195 16
-444056301 16
-1868145640 16
941158941 8
-1872831274 16
2012959776 16
1309906811 8
1963697781 2
236348419 16
332170961 16
-2128698283 8
