3805
153780820 16
1239528364 8
1283777778 8
497891591 16
637815883 2
-767137506 16
485523239 8
760897636 2
825901408 2
-1040493322 2
1283813450 16
131363761 16
-1237688004 2
2116589463 16
-1038431844 16
-1533899055 8
-1481042088 8
998209865 8
355718297 16
1431316291 2
-810077350 2
-1720868530 2
1661554655 8
2118556771 8
1799724501 8
-1897045736 8
-345353110 8
-1685887605 16
-652290373 8
730654487 16
-621602932 8
-2076148753 16
579618343 16
-1730935472 2
1193441318 2
-1611902368 2
949834515 2
152268757 16
1942554302 8
394704330 8
1899444006 16
778656494 2
-2142242977 16
-605604354 16
-587269136 2
-1900303210 2
-604467670 16
1300290601 8
-1497745709 8
-658143409 8
-1496562089 2
388892107 8
-1023591245 2
862094790 16
2055482246 2
786470782 8
-301630745 16
-1422304979 8
1660037152 2
-1566078215 16
-1347876897 16
-215534928 2
327651658 2
1630233297 16
-1247107200 2
-2100385377 16
-1877627356 16
-1377763830 16
1258481193 2
1130167400 16
-604154757 2
-785397635 16
2021577116 8
1390882078 2
-190836419 2
-74328847 2
1658525659 16
-765680284 8
-1469652423 2
-1171879509 8
1999793839 16
1781396641 8
1951718415 16
304077298 2
-147354840 16
-1591491162 16
1934884118 2
466369862 16
896493219 16
1427158799 2
1210627992 8
-238484017 16
-1188915987 2
-173000065 16
281584289 8
2073991698 16
-219238186 2
903102117 8
-1582333985 2
-275153401 16
412960092 2
284183796 8
383789162 8
554555768 16
-292003757 8
-790347563 2
1492476999 2
1951589474 8
309496322 8
-750003396 8
-862685966 2
1864724091 16
-1433142422 8
-1932766436 8
839569291 2
-1769988081 2
1781856016 16
-2101480713 16
-1104596134 2
-672553627 8
1339153870 8
1311256239 8
-1759011032 2
767069500 16
1899529285 2
-499847142 2
-969518337 16
1599949684 8
-1474733388 2
8189730 2
-140812128 8
-1980048813 8
-1539059592 8
72272961 8
-641675471 2
1804620221 16
-1812503261 8
-1838473006 2
-1388548780 16
-1121874224 2
-1831115734 16
-2059753906 8
186144721 2
1830219508 16
1369214259 16
1656517953 2
-540768951 2
-1370941050 8
1249712213 8
-282154047 2
-1521489918 8
271861833 8
27472060 2
1603540213 16
-1767107595 16
402216043 2
1369085827 2
457489688 2
404257736 16
1155987026 16
1699823001 16
-197245851 8
666960613 16
-415644820 16
1466013752 8
667032118 2
738813371 2
9745353 2
-1669759623 8
1788633280 16
973290413 16
-570986863 16
-1110746011 16
2051126224 16
16166465 8
1056521695 2
12540668 2
1336137497 16
728358427 2
541939831 16
-987445777 16
-1581075162 8
459583686 2
-271960897 16
624703120 2
1176863462 8
-13308251 16
-762540373 8
1691606846 8
1256498786 2
-182194023 16
-1141640399 16
-1569959835 16
1950351564 8
-430429929 2
66257669 2
735495105 16
1742501484 8
-1044107849 2
-1726027722 16
1094948451 16
1185290562 2
-2127463344 8
1520537870 16
-1509262129 2
174908550 8
-879514516 2
-1749042621 8
-316875411 8
2106976689 8
-200326502 16
1835992875 16
-1246968335 2
1405757098 16
1261532252 2
-575490184 8
1368764868 2
1871958642 8
-1124799470 8
-947040047 16
941148213 16
2142841103 8
-897349672 16
-1281007555 8
367263953 2
-2019050382 8
-1046598172 2
671089261 16
-1201222426 2
1405982259 2
445289151 8
851048643 8
-1533512635 8
-923801398 2
-204158444 8
-2029895930 16
-1713541960 16
2074205639 8
489524109 16
-693405867 2
661447063 16
1850441719 8
1915061168 16
2108782533 16
-183028845 8
761670414 2
-1907984894 16
367104380 16
-271060297 2
881900751 2
1266708000 16
-180363426 2
951328184 8
943031785 2
-863613789 16
1042060083 2
708109533 8
-827118761 2
1034717164 2
1877844681 16
-206179411 2
-1189715878 8
-631605543 8
-1109813734 2
586208463 16
-1068674210 2
1398804796 8
-813266823 8
2023072585 16
-432640117 8
-1198302232 2
647314713 2
220755796 16
2030023958 16
494781861 16
1676194717 2
-244341595 2
-26079453 8
-1630644284 8
-407413555 2
-532535631 16
-614632901 8
-1265740765 8
-1809385999 16
1246402289 16
924694419 8
-897107367 8
-457118081 8
-1900982705 16
-238265604 8
1191250432 16
-655181235 8
840236619 8
-1770164095 8
-899157239 8
1479115454 2
-1044804021 2
822782642 2
1392386589 2
1942417634 8
-38317632 8
1502658962 2
705235139 8
-341124296 8
-435484665 2
-2091712605 8
506219565 16
-1035194082 16
1149370071 8
-2146981254 16
-886974871 16
395527290 2
182791303 16
-8532087 8
1754998366 8
-1266917221 8
1814921189 8
1116677485 2
-1957941204 8
-64432771 2
100428534 8
483369149 16
82469890 2
963907958 16
1924470981 8
-1984536580 8
1118603333 8
1081860005 16
-1162485712 16
419626980 16
-597215496 16
-356093206 16
-978516683 2
1218155470 8
1781104357 16
-1880029857 8
-1342709666 8
-1807768557 16
-679630169 2
-517934441 16
-466581338 8
-1407415048 2
1859373155 2
582896718 16
-616939809 16
767786655 16
562228272 2
1457471428 2
1871414311 16
-1438128030 16
-925973645 2
377646339 8
501698558 2
-701460867 8
1446976321 2
446629498 8
-1545281912 16
-1800055733 2
1862005099 2
1581208979 16
101362287 16
-2100267828 2
-999615609 8
-1728802700 16
-1039042715 8
112798437 2
1178971956 2
-1296550921 16
-585515621 2
-328580230 16
-1557875324 2
1859281461 8
1335042072 8
-1199731919 16
508438394 8
-202037454 8
-684605475 2
-885879333 2
292951715 8
-1428272882 16
-1338178602 2
-679453365 2
-672376411 8
508096864 8
-2052221214 16
1300903356 8
-473636162 2
-1377885064 8
746885764 16
355204225 2
1059344365 8
-1858200257 2
-1427345593 8
232347953 16
386605430 2
1809576228 16
-616167180 16
-2109374031 8
-1360571871 2
-735644326 2
-1472266489 8
1913997831 2
580710610 16
1398643890 8
-1678593840 16
652689305 8
-1533517888 2
252238818 16
-1351373834 2
441639625 8
-426128347 2
1517464803 8
507589244 8
899721380 16
-1826931489 2
-601041657 8
1819594419 8
2026107714 2
-2020841319 16
1944272144 2
-717254209 8
-247857530 16
1742573324 8
1636094820 16
-1742433954 8
-987672258 16
960341230 8
1820665215 8
-455322365 2
971148264 2
-2109271300 8
27180080 2
1089802020 8
-490795699 2
607617078 16
-2128858106 2
53328727 8
482209017 16
-1351876957 2
790537890 2
-2065275888 16
-1374539284 2
-1981683914 8
-45765413 2
-1282821189 8
-1276218144 8
1572768741 2
1087670102 8
-81136153 8
1868070765 16
-1884268814 8
398017761 2
-825527077 16
-1422489384 2
1250989471 16
-1607252987 16
440323766 8
786637620 16
-372470499 2
725280692 16
864230370 16
1892116348 8
609100864 2
-1994673043 8
-648173895 16
-210894606 8
882565272 8
-1031678155 2
-184921317 2
-841135079 16
-97669900 16
1511547590 16
-320805790 16
1195701898 16
-381410622 2
1233285022 16
-1777957137 2
562020630 16
155926922 8
1062062662 8
-158201503 8
2004433803 16
-774939591 8
-609319722 8
-1029882235 16
-1077736585 2
375159691 2
-1763975249 2
1094195526 16
1433793946 16
-893288448 16
2098051534 2
-839403791 16
-342501684 16
1866697351 16
-1078014609 16
-323163760 16
-1314332802 8
728837594 16
1178223281 2
1145686757 8
-1377721978 2
-2137848126 16
-982331414 8
-1874921661 2
1264986197 8
845696130 8
-1624317520 8
305044378 16
-588195944 16
-929108669 16
-1357314654 2
892395443 16
1146389232 8
1933847790 16
-2038279031 8
-1975139542 16
907832740 16
-161932644 2
-2064554874 2
-1434084409 8
895279060 16
384701269 16
-1257352462 8
928343139 16
-1054273823 2
-963103826 8
-2080065175 8
1274517028 8
-163964373 8
1090439446 8
-705642836 8
-306024068 16
1458838674 8
-1656705442 2
1061096249 2
2014663444 16
-930036763 2
-1037772954 2
1142576410 16
-339773523 2
-1989063700 16
864170332 2
868042723 8
-155416426 8
1245148260 2
-2019617373 2
-946447583 16
996442209 16
56640548 8
-1195343443 2
-1026220857 2
1874440205 2
-967394175 16
1471588965 16
276800402 16
-430560549 2
-952248272 2
-91754457 2
1807372042 8
891914975 8
979347834 16
581233804 16
-2091411192 2
599688934 8
443389777 8
1753486240 2
316856944 2
385269604 8
-68189290 8
397838005 8
910849295 16
1572847377 16
1587039417 16
-1875989479 2
1948623217 16
-2136282106 2
82721257 16
693350496 2
1701323748 2
1326066644 16
307186291 2
-1059133236 8
263928936 16
2061829876 8
-161249063 8
-950945048 16
-1103923407 16
1373437497 8
1452841038 8
-1464722745 8
-1257664439 16
-1673969781 16
1044483978 8
167355148 16
486249845 8
376936276 8
-862352352 2
2062765415 16
401449545 16
-1341406126 2
710564516 8
1054726470 16
-474768206 8
324979358 2
-2106197756 16
-842109815 16
-1462862384 16
-1646242299 2
-2052796409 2
-2122958243 2
1972778085 8
1910477137 2
2016459186 8
-1454296299 16
-72567625 16
-713628790 16
-387069558 16
-1885726552 8
-1318957740 8
1501540182 8
-1230010824 2
1721064910 2
469382335 16
1553585285 8
-966321248 16
565613194 2
-375367818 8
-1474679224 8
-2103676488 16
-1575539489 8
1744709117 2
152163523 8
314449597 8
729271612 2
-1739178148 2
-1281793439 16
-1764671533 2
309828550 2
87014200 8
-605601733 16
391315821 8
1829071377 2
179308696 2
-918526982 2
-221676891 2
951018724 16
-1497721577 2
2144270377 16
-1094799281 2
-321528221 16
1849482390 16
-1704409491 8
-1482928883 16
1952085586 8
-776789256 16
-1658344076 2
-518549341 2
1001849597 16
-1778475976 8
-981151189 2
3980637 2
773659409 8
-809846014 8
2043886119 16
-514864445 8
-2117267114 2
-1167374445 8
2029381835 8
932323772 2
1749365356 16
9400499 8
1649726292 2
632281118 16
624661867 8
-456620919 16
1211087463 2
-738481511 16
1630687661 2
-1135105347 16
695399258 16
1525236546 8
-1175783733 16
661972857 8
-557166062 8
542932193 16
-406165696 2
1019942561 16
1760017548 16
-1708870083 8
425490955 16
776411116 16
2091171945 2
-1844737101 2
573675713 2
-1136420905 2
1134923405 16
-730986691 2
-1355786974 2
1220163682 8
1896623486 2
-611779877 8
-1188114433 8
-1087296939 16
1975097297 16
-841085775 2
-867151389 16
1745122216 2
-422136095 8
853216943 16
472258892 8
2110854897 16
1806424975 8
-1247794795 16
-1803207856 2
-1287306385 8
2096628768 8
839953561 2
-441434278 2
-1681581924 16
922942157 16
-28226941 16
1623554603 8
638233738 16
-1736906140 16
-1900974558 8
408222727 16
199896559 2
1996722138 8
-2010132780 16
965504808 16
1527563407 2
-1638228872 8
-671473363 8
-2059859811 8
-1101869062 8
-1869218875 8
-2145503896 16
248691796 8
426423435 16
-1403758690 16
-313690832 2
1551327424 8
-78960773 16
-1925425084 2
1481264999 8
1292113325 8
-51385324 2
227847386 8
247780102 16
-373033644 8
1381663032 8
921329914 16
1218742376 16
1694197279 16
570841495 8
-1647527575 16
-1550389586 8
-149609281 8
-1671997386 16
1572730518 8
-553834305 2
-1450426620 8
1325569308 16
427493384 2
959278027 2
-375880863 16
-2132756138 8
195670226 16
386590649 16
-1663427848 2
1483814284 16
-423517256 16
-1766366223 8
-1955059957 8
597834304 2
-2057404297 8
549902497 16
568722125 2
689989330 2
-651336794 8
-1454435861 2
4229144 16
1968784068 2
-609519687 8
-713526786 8
2103890543 8
1841978127 2
-620370229 2
1983935267 8
-1812272818 16
-1724259793 8
-666809655 16
382798390 2
-1159608291 2
-1012384429 16
-1426505257 16
1004976571 2
2024515575 16
-541611037 8
-1115167591 2
239359127 16
-1451184710 2
1644398962 16
1988111790 2
355408742 8
1375228608 8
1816412132 2
-1183822815 16
247599500 8
-1420438794 2
1931870778 2
159839356 16
-1604535548 8
1803543175 8
-271360685 2
-847600797 8
999663443 8
743320344 8
2080702927 8
-1962198094 2
1626629852 2
1185451204 8
-1014563246 2
1420387840 16
-491808635 2
841016152 2
-594497680 16
937218326 2
484493966 16
176359191 16
-1962409140 8
-2477338 8
-2075396623 16
1918660279 2
-1557248342 16
1174597427 16
-1242317003 16
-222853429 2
-690790540 8
-259114614 16
913067611 8
767298480 16
-1927706902 2
-1003980655 8
250635872 16
2138473944 2
-677123469 16
577669613 2
1096134999 16
1882012088 16
-1262977257 16
-1102467251 8
213562942 2
543852650 8
-1942918132 8
601673333 2
1416229835 2
1262961719 2
-1703053273 8
-2126340295 16
1456946823 16
-313526451 2
1067051100 16
-185415679 2
-1164043414 2
-170634850 8
951724745 16
-1653867237 8
1525956176 2
-274800502 16
662809845 2
-497825670 2
-532566704 2
-1962138694 16
1828813821 16
-1755830620 16
853542647 8
1265845189 2
2141055570 16
1010042444 2
-1926528146 16
-1604809267 2
511775693 8
-2038143636 8
1846272990 2
-492304212 2
1834857160 8
1436506309 16
-1417588727 2
270265205 8
1396299775 2
2085885562 8
1648174334 2
1744787001 16
-2043031812 2
-1148014072 16
673876280 8
349280291 16
1275323908 2
1238890897 2
814178168 8
1540755020 8
1913218304 16
-722695418 8
1197380125 2
-1165602023 16
131889471 2
-1268640560 16
-1630345325 16
249552785 16
535691329 2
-124712629 8
1395963081 16
-1635817539 16
-277261831 16
-385530525 8
-490291764 2
1980581235 8
345018076 2
1079160322 16
-921169184 16
-1508843175 2
-1417163449 16
-1323900996 16
777613259 16
1617311664 2
-1509121377 2
-1669392922 8
-1372218893 8
570413148 2
-1723753504 2
347310081 8
768858821 8
-974616808 8
-1106403304 2
1436608139 2
-1920908704 16
-504307066 8
413258180 16
-799105653 8
954478318 8
1591327822 2
428612393 2
-1188882446 16
996213253 2
-1556466508 8
557476998 8
983928646 16
307590483 16
-488722184 8
324611358 16
-1351534868 16
1509955760 16
1805937672 16
950042964 16
-1436624111 16
-1632498700 8
-1584521510 8
-798818018 2
-1991695826 16
458317133 16
960854761 16
1317396667 8
867641354 16
-1965324878 8
-1848505100 2
2120491641 16
278278960 16
-1811368200 8
927700028 8
1045248048 2
319845011 8
-999753744 16
-396810842 2
882659612 8
1849271229 16
1704862797 8
1840772020 16
-160731123 2
636123242 2
587531569 8
1551094315 16
-487331184 16
-1465253553 2
-1233558538 2
-762086176 2
-624092229 16
-1633522701 2
1715242482 8
-1257986890 16
-666679967 16
342007945 8
2133514116 2
-1943576114 16
1251148981 2
2010197769 2
712519789 16
-1475560305 8
1679148675 8
1165235052 2
-1139513989 16
1413155071 8
1447903709 16
1565859105 8
1088717747 16
1872705089 2
-288401233 16
1864303992 16
1646107779 2
-184011129 2
772302310 2
-2057101480 8
1735431927 2
-488864403 16
-950276991 2
-1622246283 8
554651958 2
-1264989662 2
1040988317 8
-214414596 2
1414939390 16
-968529523 8
-954669395 16
947859869 16
524953600 16
1607403959 16
-849218399 2
1166397185 16
-935087628 8
2129627793 16
-212887746 2
-84421301 8
-1572046626 16
893577480 2
-1127931957 16
-343623968 16
668260252 2
-960989346 8
-349139800 2
1840777120 2
1281469195 2
-783715736 16
-1469753488 8
-1479812803 2
1406845769 2
1888195443 8
-2078166419 2
1197093156 8
887445594 2
1683508240 8
1416084876 2
-2068501075 16
-1295599627 8
-12448695 2
-1065374138 8
1534600259 16
653689092 16
458648259 2
-52546563 16
-98150542 2
1567927507 2
977097451 16
471365072 8
-1575909993 2
-450160216 8
1519522395 8
1973905779 8
-1044439812 8
1656332283 8
2033251724 2
1247991831 16
-910100440 16
1400518257 2
-1671485207 8
581363461 8
1288780406 2
-1746642130 16
1277085836 2
-994053782 8
1624666603 16
-1175954520 8
-997015047 2
849912972 8
-833114369 8
1883917092 16
1489987850 16
-491952752 8
1974890827 2
1845772215 2
1811775152 16
1804986997 16
-1568860416 16
-1895203541 16
-2139740566 2
1488555781 8
286468602 16
-608595736 2
-167800477 8
1276873221 2
-1514054439 8
-1269181507 16
1358679236 2
1990827885 8
-1823312120 2
1380793167 16
-1139093977 2
2050333274 16
1427279069 16
-1714216616 8
1082457046 16
-947859760 16
-1688352979 16
1986760423 16
1398182727 2
-328836904 16
-1089155735 8
953756574 16
988047584 16
1940584407 16
28036945 8
607776276 2
1289945488 8
-1929639929 16
1776258829 16
1958560530 8
1618267946 2
-287932216 16
1292593975 2
-1974055692 8
-809287018 8
-1916512120 16
918367655 8
-2115250893 2
1786249622 2
-1032053325 2
2075229938 2
-1662552194 8
-878108293 2
-1807471077 16
812239840 16
571672405 16
531614052 2
1373244197 8
-1733268958 2
-190864087 8
1130832632 2
-916262538 2
-840450679 2
-1645878549 16
-1275658394 16
1744517662 8
-1565080455 8
-248057018 8
2066043176 8
32382771 16
-2122422248 16
-985654913 8
-518659233 16
1905991443 16
-368156168 16
912004832 8
684592097 8
522422356 8
-2066102887 8
989442400 2
1305870821 8
-1984960732 8
-1169988438 16
-2142297258 2
-1867530671 8
780645197 8
-580943253 2
1238595600 8
-1840805621 2
-681791852 16
2039602575 8
433396126 8
-761873910 2
-931991346 2
1403847537 16
1789785814 2
2075191897 2
-108919043 16
1580871624 2
-1944144383 2
-274949186 8
-1424528760 8
-1710634542 2
-970798401 16
-1574297529 2
-2146791607 8
-1730166507 8
237974927 16
735644645 16
-451778563 2
-1138441192 16
1217635387 2
-616407525 2
970551969 8
-1428266582 2
-1744940965 8
1182017563 2
-1462567672 16
939518536 2
1129742320 16
-2023468528 2
-1936460158 16
1490020356 2
894626317 2
-1000644013 8
1711266852 16
1724766278 16
-979509254 8
-1816528647 2
112153575 2
1350807963 2
1582473560 16
-92204761 8
-499428899 2
-1597092861 8
1315924626 8
1955815597 2
2061231696 8
518284941 8
-582705887 8
69515680 16
1913053502 2
-15022576 2
60874245 8
862563181 2
-623475046 8
1943508908 16
-304274331 8
715854336 2
-1885748823 2
1977313333 2
-1788634714 8
1205466794 8
2024686499 8
319995794 16
-369938331 2
-1428802664 8
-87912746 16
-134409648 16
1185468270 2
685404257 16
1848627251 16
-729453885 16
-1220767362 8
397393716 8
-176800132 2
-154441215 2
1878728077 8
797540638 16
884874949 8
-968404851 8
1398481897 8
1870860128 16
74023632 8
28748702 2
1836325206 8
130484111 8
-81514616 16
-564482820 8
1715227565 16
-1081347519 2
1834533008 16
1187236068 16
-309373091 8
-234603320 8
2055597006 16
1716692016 2
2013135504 8
-1096225998 8
-210405890 8
706521320 2
214368359 2
-2102417311 2
2020190490 16
2053265376 16
1161715009 8
923609713 8
-2085131933 8
-347178614 2
-222320729 8
1876389167 2
167308937 16
-73128636 2
1552843299 16
-1116773645 2
1083296071 16
-1375109472 8
1455143058 8
995315623 16
206023381 2
597287892 2
-1675017270 8
-1677402052 2
-1217503987 8
-986390652 8
-1121783232 2
1960671578 8
-425203726 16
-1143227661 16
-1516793526 8
-1965702997 16
161007347 16
1528973330 16
1666310087 8
2055351860 8
-1935575660 16
-2067698373 2
1719439229 2
-677756185 8
1591511944 2
-83982216 8
1829565422 2
964247198 2
-1166514857 8
1558778475 8
1291317450 16
-2098447139 8
983577505 2
243579394 8
-1470594353 16
-1486404421 8
-2008095714 8
-735374997 8
-1852594952 2
46261816 8
-806826124 8
-1358230842 8
1186557276 2
2084948313 2
831906469 16
1916025811 8
343977385 2
-266862958 8
-1669719767 2
1640863167 16
-1261212384 8
323625394 2
-375737640 16
1533662554 16
150782682 8
-1618319385 16
415365523 16
-1325689752 2
194801320 8
743584288 2
-363930476 2
1584101868 16
1745913418 2
-504333999 2
1513116275 16
-1196378595 8
-480782945 16
-1099051004 8
1012947979 8
-1821019699 2
2068491748 16
-457872335 16
-326102314 2
-2072511399 8
190384200 16
16430720 2
-1365857119 2
418571501 2
217096515 16
2037647462 8
1487669253 2
319156154 2
-1739159699 16
739687481 2
-1787651983 16
1341167149 2
302176705 2
2013327940 16
-1685431099 2
-787344546 8
-1787535206 2
-1269771268 16
348351780 2
1713921274 8
221700775 8
1384727366 2
1003858881 2
1952575933 2
1119347456 2
-457455420 8
-609145292 16
-1357522979 16
1449478781 8
1575085957 8
491849853 2
1841309615 2
-1115095187 8
2010164989 16
646225759 8
1674434109 8
2039875936 8
1266079725 2
739622483 8
-1884986057 2
-1371135658 2
-1110304706 8
1170366855 16
1159678174 16
332157338 2
933690218 8
-484130469 8
1035157301 2
-758658651 8
1370379017 2
1234493713 16
1588180759 8
118693416 2
-795868245 16
-189796021 8
-714738177 8
382796262 16
550798145 8
1135163971 16
-210898810 2
-885396248 16
429137130 16
-1413975345 16
1119529532 16
-748462918 2
1417312 8
1817093997 8
-292088033 8
-242820491 8
868932183 8
1211461426 8
1901751296 8
-1681082586 8
954704195 8
607255889 8
-124741733 2
-745789130 2
-1281463807 8
1371217137 2
2092019217 8
-1195997039 8
-249489018 2
-1245018885 8
-476419568 8
1910606109 2
260473062 2
856378169 16
1162109505 2
-816290230 16
-1964501762 16
-1193956610 2
-1412216923 8
-1130128136 2
-1088790465 2
1884134785 8
754806135 2
447696624 16
-1624198521 2
-988762338 16
1883315687 16
335267820 16
-1577333111 16
570749780 16
1646802677 8
-2116634237 16
-496259942 16
-1206470965 2
1796842318 16
1734905529 8
-168517153 8
572347509 2
1886338399 16
13061950 16
-1282812348 16
-1079419528 8
-3904118 16
2005399489 8
440282513 8
927676941 2
134305496 16
221905642 16
83771090 8
-177772587 2
1837049396 8
-892483419 16
-451401191 8
123352577 8
-1533443434 8
-1449957827 2
596277703 8
-1651874279 16
2022590222 2
-181404399 2
1219600420 8
-1065264820 8
842014147 16
-828784678 2
535714085 8
372514257 8
-1808637870 16
1815194463 16
1764676333 16
-1274920541 16
296245499 2
755431589 16
-250385833 8
1578229995 8
1421453626 16
1012006491 8
516740066 2
1857791594 8
-579212188 8
1375234252 8
-686850449 8
-1643630483 16
-1885327590 8
1020996534 16
487807497 16
-1101452138 2
1430796875 8
738990269 2
-449663432 16
-1919751930 2
-2019046301 8
181409010 16
508420739 2
-1781388444 16
1640699620 8
1594887206 16
1982958142 16
549187099 16
267305057 2
-1072544186 16
-237945979 2
733311822 16
509262630 2
-1079798072 2
-1341047997 2
-1931978155 8
792839580 16
-1723646434 16
-1101467914 16
173705101 2
-1748625221 2
-273715696 8
-1570941905 8
-273430876 8
269706542 8
-2023630350 8
-1922013710 8
241785783 8
-1683624221 16
-660423062 8
1082979204 8
863351914 16
1143458872 8
-1340996048 8
-1773956391 16
1117865773 8
-272320506 16
68504104 2
591165444 2
285744082 8
-66971464 16
1731913942 2
1980101414 8
1883539157 8
1020516614 8
-517432003 16
1159257739 8
36266297 8
-1405720166 16
-432020440 2
2058489148 2
-505602991 8
1509763585 8
1535901921 8
-1746419336 8
1734047829 16
-1863083950 16
-129434239 8
-1131917044 16
404750617 16
-224485317 8
588227339 2
-213287378 2
1092371354 8
1622255121 16
8752235 8
86253190 2
-2129331032 16
926692453 8
-1564910179 16
1241402145 8
974678710 2
-149060952 8
695701453 16
-2126407834 8
-1438193141 2
-543120426 16
1210863118 8
-1678620987 8
449397375 8
-215801885 16
-1736549098 16
38980053 2
-977363611 16
-2019092391 16
18367283 8
567890327 8
-1592461833 8
1005755854 16
454414021 8
182603103 8
1852035212 16
215116809 2
513802379 8
1074418339 16
1618612244 8
-2095726782 16
-923127689 2
-733929573 2
200783320 2
-557773283 8
179931340 8
1370653228 16
-51329333 16
-2031854088 16
-860361693 16
1450331058 2
1106640089 8
181184807 16
-2065258711 8
2078942361 8
-211908535 16
1188426535 16
-1453152358 8
-742735110 8
-1359469544 8
-231260609 8
-401487177 8
1085058307 16
-649794761 16
1538408962 8
85167090 2
-1182515154 8
1939078151 16
1302580343 16
1946312752 8
-1943696185 16
-631043704 2
-1820224529 8
1331527462 16
-47915681 8
-411636532 8
648674896 8
65060448 16
-1215962284 2
-1508185402 16
1712970841 8
26633049 8
363766568 2
1961199433 8
-708124160 8
1248134313 16
1373702443 16
166360636 8
1959701016 2
-1375341917 2
1126760744 16
571843212 2
-1170198062 2
-2137964724 16
1298981110 8
-2065504881 2
-941541970 8
-1814756405 16
1879841450 2
1967839585 2
-41500712 8
1106531227 16
-1202466304 2
-1454688558 2
181876669 8
2120754391 8
43567855 2
-1182348132 2
-279073945 2
-1557964017 8
-165243675 8
2059985811 8
-1190517669 16
-942722605 16
-1790115290 16
-395733778 16
421660236 2
1396797843 16
130819497 2
-1411877793 8
-615659802 16
50374245 2
-1524903143 8
-1161583339 2
900481118 8
-925480789 16
1473088627 2
911567423 8
985363677 2
936911257 16
-423829994 2
-658883550 16
-796231583 16
-1160936326 16
-16316427 16
-1093355107 8
-1415345491 2
1927795088 8
163342045 8
-752803198 16
1995961677 8
-1942131106 2
1867612220 16
1533771345 2
-1540645583 16
2108749364 2
1361445757 2
-1443827841 8
846906831 8
-313943529 8
596108851 2
1757763808 16
1411905013 16
1963696705 8
1797966583 2
81200441 2
-437756997 2
817024739 2
570257384 16
618003708 16
-1177842993 16
328086134 16
-1805733034 2
841533476 8
-469851147 8
-271546951 8
1212350644 2
-1303389529 16
1639792704 2
1356141128 2
-411937091 16
-684481759 8
-611927757 2
1818912621 2
1496582994 2
-896068824 16
-1121609580 2
-131200209 16
-1039663760 8
377962697 2
-581993466 16
-1452014627 8
1843570196 8
-533636302 2
-642041747 2
-1665928674 16
-1487847926 8
1698030996 2
-75361022 2
-130846547 16
-372743482 16
-958505707 2
-719822935 2
1620374147 8
-145876357 2
287203503 8
-2041682526 16
497191450 2
-1771955333 8
147641807 16
-2005022010 16
-1098683222 8
1813251148 8
-2134005266 16
1438200550 16
-651654514 8
-2101294805 16
-962897419 8
-955231313 2
-1759509285 16
998134722 8
887695912 8
784481394 2
-886618316 16
1171124709 2
2105950477 16
1011649589 8
1661201018 2
-103167826 16
-2047495644 2
-430214699 8
-249618244 8
-1515426421 8
-585723100 2
1041438150 2
-1486663007 2
-325195812 2
110493163 8
381682575 2
1342018884 2
-508383695 16
522669088 8
-1345245716 8
1763744493 2
-780377918 2
260295256 2
1822344684 2
1230867424 16
-293359609 8
175632079 16
1791670726 2
256453255 16
-874379126 2
879491879 16
902121263 2
21137116 16
159873884 8
302158603 8
-1727141952 2
-1994935726 16
1174971959 8
-515353009 8
-1906713194 8
1788850490 2
-1950695026 8
1367540195 16
-885713847 16
189665072 16
284571512 8
1602194872 16
-1931309167 16
-1974932419 2
-11312375 16
-1628805603 8
-104686251 2
-54262655 8
396419042 2
1668313094 16
1458365350 16
965946829 8
1808470174 2
1731791154 16
-656397743 2
329689859 16
86190336 16
-1860910187 16
-1094713341 16
643338229 8
948753518 2
-2091780931 2
-2079452588 8
2135333311 16
-1403104789 2
-564370048 8
-1726643045 8
453651359 2
242996185 8
213682583 16
-599810683 8
-2108757201 8
607985537 16
-324834595 2
722868857 2
-1539239991 16
102622214 16
590490159 16
1179638007 8
1042387679 16
897752265 16
2050581205 16
870583848 2
799759806 16
1888998259 8
-659269935 8
1051538245 16
-687753755 2
-158347299 16
1914223282 16
-829896263 8
648947042 16
1666959472 8
1567803147 16
-444907229 16
-1998820800 16
-1644373614 2
-1653185945 2
298280260 8
1701097838 2
-545580815 16
1890050393 16
-93435665 16
-804506874 2
-321832402 16
2034913408 8
-1051546476 16
1566355141 2
-1625400260 8
-480511900 16
262969791 2
2136047686 2
1390434179 2
1922453274 2
113824610 2
1779527413 2
-1761286086 16
-1791187396 16
1754038764 16
1320447887 2
1950466396 16
349222892 16
1563675373 8
-1157380567 16
-1162063411 8
-181352396 8
1431376642 8
-2069134266 8
1888063217 16
1652733484 2
-83092644 16
-1018313147 2
-130818673 8
-1535167958 8
1011457298 2
-392437757 16
-1513308030 2
1845877532 2
441291330 8
-1605482375 2
-180321553 16
-1270163289 2
-396953884 16
1076425767 2
490388546 16
2051990891 8
374142993 8
761174254 16
-1799711752 8
458218815 8
-715712862 16
1424111411 2
657349945 16
-1717183747 8
1200699466 8
1709156249 8
-1384367591 16
-2016032127 8
-48286842 16
-56943383 16
1949688039 8
-1314156677 16
-1044709566 8
-867846833 8
630136133 8
376524927 2
2022270893 16
-10470965 16
525891807 2
1391216776 8
360879310 16
193131657 16
-379197196 16
667289026 2
41217695 8
-1551307837 16
1196220496 16
-563923831 8
-1693605621 16
-789921781 8
1698489136 2
-1357669515 16
1741464400 8
1700603729 8
1994791036 8
2109988194 2
-1160740949 8
1908311811 16
1767207370 16
932639422 8
1646071780 16
-229270250 2
-425478499 8
503962456 2
1301766668 2
-1711655216 16
643988240 16
33689662 16
-923269359 8
1567138712 16
-328759855 2
252284504 8
1490544796 16
1768443643 2
2110837562 16
-2080658777 2
-563875821 8
1040419182 2
32925272 8
-1842484093 16
2021997399 16
2040742969 2
1045414136 8
-2106909639 8
-1985453567 16
772077213 16
-348193095 2
600333577 8
1128841398 2
523600709 8
1745150992 8
-187654319 16
1894025770 8
-979040320 8
988895195 2
-2121284146 2
-862829039 16
104103026 2
-280030034 16
-2110185215 2
1631111824 2
443024117 8
-1478678056 2
-1318534391 16
-749392768 8
-265090046 8
-1784128395 8
-1756427095 2
3827956 16
596818066 16
740619165 8
-1812403102 8
-1325645415 16
1406498854 16
-1036315803 2
-1549835931 2
-2010291246 16
-680999603 2
819625409 2
-1623622391 8
621050259 8
794532805 8
30611369 2
427852288 2
-1418789212 16
1853673041 16
-985879293 16
344399154 8
-178888631 8
570641802 2
-1674083521 8
-123775964 8
-1673946231 16
612998786 8
713694113 2
-172520693 16
1598632133 8
-644276556 2
-1646183267 2
-1739051581 2
175973586 2
2016083718 2
2103553334 2
-1827596400 2
923025401 2
713280207 16
1592509250 16
157435372 8
1017146680 2
-1452804596 8
1179828724 2
-1436390204 16
-992142712 8
275893620 2
24298680 8
-580410990 16
-1813721556 16
-1269125651 8
-1479830294 8
-784533703 16
299266667 2
812693579 2
-572719116 16
-1798071304 16
-2109324309 8
-1173790534 2
-2081254110 8
-1059372496 2
-1765472917 16
1599321521 2
841774113 2
-223399329 8
-1171081088 16
-1310619860 16
1366687251 16
237600074 16
-34693109 8
-2131167721 2
1995442499 8
786554574 16
-2129001386 16
-149867494 8
-1957309755 16
-1467785164 2
370122038 2
1337793563 8
-1389522617 16
538741304 16
-1510600981 2
-1872856296 8
1445909210 8
-2022926354 8
1504852790 16
343189845 8
1595470879 8
-1425806981 2
449439032 8
1074064911 2
1268255295 8
1624709737 8
1259169094 8
-798760474 2
766456362 16
339952159 8
861268217 8
1934998027 8
-1268935793 16
146968990 2
-1763976643 8
1273113354 2
1344415379 2
-1717043565 2
-1742088615 8
-1341915513 2
-1680997486 16
-1005166249 2
1696535232 2
-1357638973 2
-200803869 8
1064931481 16
-28913295 2
-1610124808 2
587304536 2
-1311175254 8
-2045719495 2
-1675771102 8
-1623823598 8
1898234338 16
-1562922745 2
421374258 8
-1139126314 2
2069014065 8
206581372 8
2145254025 8
-1243979031 8
1149661530 16
1111766603 8
363564458 16
-1922040271 16
1558322743 8
-1540028046 8
-2002983909 2
1267280559 8
-441442894 8
-1449777996 8
90273238 8
-1111444297 8
204566418 2
-1656986325 16
-1454501573 2
-1237803909 8
618388116 16
228785954 2
1729941674 2
-35339120 8
-250210798 16
-2011492912 16
1853119620 2
-1975503940 2
346572374 16
1718409574 8
-745243071 2
-1375303375 16
1934690228 8
-1911883001 8
1411953605 16
490611411 2
-1568993390 2
596335680 16
-1448834827 16
1735917599 16
-1642523153 2
-743230017 2
1231150957 8
-1555838293 2
861347915 16
9863729 2
-106778953 16
760951107 2
1645077878 8
903085908 8
1023740494 16
-1654705700 8
1333940317 2
-334571258 16
-519822528 2
-1837031300 16
1900832718 2
78200869 8
-1232070869 8
-1879248770 2
-1477495779 8
1798008931 8
1216638341 8
-1200224705 16
1712561907 2
-1296391474 16
-1368371504 2
-1320832567 8
-1455129746 2
1194658178 16
-1888394331 2
-1402525299 2
1526417775 16
-1921308618 8
860254977 16
2145190525 2
385073371 2
1791740948 2
-761399846 2
-748464263 2
-1720676263 8
1150111008 8
1878416814 2
717167433 16
-437118668 8
-1049340228 16
-586222126 8
-1920162238 2
-1190553578 2
-1954025629 16
-2034303582 2
-603360998 16
635200274 2
-1334672084 2
-616266181 8
1681053079 2
222841706 8
-1407113575 2
-1671989659 8
-1645427426 2
1780072826 2
-1292117597 8
746203870 16
-2020059315 8
133059266 2
1284150562 2
868433539 8
169011850 2
-435517073 16
209415760 8
579698345 16
-1078243495 8
1801920691 2
298997796 8
-554704024 8
-2091091266 8
2049318895 2
844826299 2
28130046 8
-1345535100 2
-1447117080 8
573213539 8
258168447 8
-111838216 8
1011497758 8
135363568 8
1294195592 2
1477832820 2
-1500575906 16
1455140378 16
1561167953 2
-1286976566 8
-1855207637 2
2071625054 2
1050140461 2
1520816944 16
1461268463 16
452095872 2
1974404159 8
-2022693071 2
96236785 8
447487958 16
1763136079 8
-715238076 8
-298888801 16
1008058164 2
413115044 16
-131477119 2
399515993 2
-366994528 16
1065824314 8
677102304 8
-2008038844 2
574510120 8
-222572636 8
-732275768 8
1876549773 8
586712348 2
1306913954 2
-113426422 8
-1052342556 8
253689661 8
812590808 16
-1008754932 2
207367883 8
1911450468 16
-1889271674 8
-1672628497 2
-2028846642 8
-1485180275 16
-2066879436 8
-752598482 8
-1413038074 8
-1208739089 8
-1489567644 8
1728020028 16
-1799310213 2
1754717471 16
-9571868 2
309757654 8
1177636521 16
857229573 8
1446357903 2
338872614 16
-1375311002 8
-1933436789 16
-1345320157 2
1571189248 2
1224753158 8
-636228491 2
-613062582 8
1192049633 16
-183893848 2
-1920947324 2
-1182490221 2
-255208330 8
-1036624332 16
-1396356654 8
-1648314493 2
-197196220 2
2022878392 8
-1387796032 16
-229863869 2
1876107109 16
1271973120 2
953850113 2
660570823 2
-1008397627 16
-803464786 2
-527777070 16
-134753672 16
-1956591210 16
1570297091 16
1994993230 16
-1206315399 8
465677710 2
-1571165806 16
140973048 2
-2005523816 16
494093717 8
-1696914905 8
-1377864515 2
1816821612 16
-182892527 8
-1922644507 16
2099326345 16
-2038958897 8
1378361044 16
-1966575390 2
-109725124 8
1653435283 8
-2114913909 16
1011480685 16
-2115638055 16
1345056066 16
-510306485 8
-372929507 8
-740570024 8
-1793280083 8
1419885341 2
34865023 8
900066969 16
-1981709594 2
-1466324816 16
-1257671514 2
1329694418 16
2010677826 2
-1047131184 8
-1637206134 2
1824076831 8
766252562 2
1280448357 16
592685239 16
-1497217627 2
-95599448 8
1035794226 8
-654874247 8
1337867793 16
1064299710 2
165139736 16
-597044414 16
-1561380451 2
1655019604 16
-314023158 8
266378440 8
-1916591950 2
1278636963 8
-1527079761 16
-1454594291 8
-1863610703 2
-336864979 16
-229943381 16
-1218497146 8
439721330 2
164798392 8
1710657739 16
956857243 8
756688425 2
-842832264 2
-251097612 8
1960264787 16
-700139018 8
2068396654 2
-91870090 8
-1684401915 8
-136971531 16
1782209918 2
-1601272159 8
1779453797 2
-680093802 8
-327720432 16
710211158 16
1845340278 2
-598633052 16
275378960 16
-1046350244 2
-758045015 16
-1656921467 8
1998592885 8
-866042792 2
1536255519 8
-1977614178 8
1340450785 2
1680619487 16
386855421 2
1829283433 16
612940977 8
1655117658 8
1598368052 2
772273859 16
383870127 16
475249923 8
-1179683920 16
67630285 16
-261094780 2
2069344118 16
1387136525 8
-65401494 16
1749905270 8
-506561087 8
-631182715 8
1735188400 8
-2052913939 16
583373797 8
705116416 16
-2086504298 8
-1965961378 8
747126102 16
1753557874 2
-1354798332 8
-765204885 2
-156398766 8
1620513365 16
737358557 2
458679171 16
917900869 8
-797025055 16
-195792115 2
-108409261 2
-1431360657 8
851679578 16
-1111376210 8
1632119187 16
-851094634 8
-1832858104 8
-1058396767 8
-1560362104 16
-790158379 8
804415910 8
-1654726248 2
-1161843655 8
482165484 2
-1309228779 2
-166377488 2
-980694765 16
1610909586 2
-2106226033 16
-413931088 8
-1315292570 8
-348758596 8
1163702969 8
1988939371 8
-1923534511 2
-803613659 16
1328064334 2
846848116 8
-1941689360 2
-59546511 2
105990713 8
1129703909 8
-870716583 16
-1102744358 16
-1030595740 16
-1574502769 16
759829744 8
-1890118839 16
323879272 2
1509553656 8
-2145490444 8
-1811250956 16
-2023522231 16
-327600372 8
-1388440378 2
1047251385 16
-885576664 8
1511649823 8
1640389135 16
754381205 2
880580460 16
1454252222 16
-1162580786 8
-505277346 8
-484307972 2
-1894279514 8
-2015051445 8
-953196166 8
978499909 2
-1490199913 16
307507542 16
-2038089477 8
-656179726 16
-1407189626 16
-133547044 8
1453256754 2
-465081472 8
-390564821 16
-342008087 8
-1742719641 16
-148136048 8
-1624843292 16
-1538998922 16
-2083526212 8
-969685521 16
64025726 16
-401043074 8
1355437542 16
7732914 16
198810497 2
1162500999 8
-729899554 8
2076228233 2
1470445342 8
1770099881 2
1148345746 2
-1642489052 2
-1439285181 2
1542070024 16
-2081039898 8
1945960364 16
-356299169 16
663843270 2
-598055066 16
1152606496 16
-521004099 2
-1849442212 16
1323951714 8
1500897157 2
1498039525 2
-962664544 2
2134495891 16
-878325011 16
277990611 2
-1850539071 2
272915497 16
-1539504369 2
349113737 8
-2065852662 16
-1708782687 16
646429309 2
-158887843 2
-27778167 8
-815590732 16
1154522000 2
1637978808 2
-785822039 16
1449433893 2
-188730270 2
80943878 16
-1200518970 8
127287807 8
1003422934 8
613041161 2
2121782673 8
-949619821 8
1098901547 8
1723727393 8
-156318944 2
-206891039 8
-121478959 8
2026786046 2
419770891 16
1208116850 8
1588807134 16
-656107479 16
-365484697 2
938623812 8
6570163 2
-1923583107 2
896625990 2
1439563024 2
-1061962342 16
1300718821 8
168043814 8
-1587677816 8
600724672 2
-1909704508 8
173756941 16
-877022159 2
-1483129782 16
-1319565080 2
2033199292 8
907956953 2
1191683008 2
660279935 8
-290607052 2
-1929009778 2
-1415334761 2
-885815100 2
-1295842260 16
-1727391536 16
680255092 16
-940271974 2
-1760364409 2
83549502 16
-95010590 16
2071997291 2
-153433315 2
1641972051 8
791692281 16
2131120847 2
-1641539035 8
-466522137 16
1802998551 16
1148783242 2
-885850555 2
-1679814426 16
1838968900 2
-1373021628 16
-631231755 8
2026068139 16
677263661 2
-1523994388 8
1593283622 2
696500990 8
1193594199 2
-1107460256 2
1852685691 8
449593387 2
236493831 16
-653169413 2
1134657411 8
-41121310 2
389024894 16
-145236797 8
127151393 8
1929646029 2
-1070100017 8
-1307817748 2
1556564439 16
-353864789 8
-1395937223 8
-791869115 2
-991412431 2
2064431886 16
125541268 2
2022925639 16
-1789621842 16
-2015407481 16
1713235416 8
-105188661 2
-1697046809 8
1458327803 2
1719942807 16
1899818964 8
-607154106 2
-676333390 8
578308682 2
-1434725691 2
-1309255399 16
323901712 2
-721356320 8
-1770459286 2
-1442036112 16
-1095398222 8
626208285 16
-983324813 2
-394767784 16
1178946400 8
87303344 2
-1434496823 8
-1133779843 8
-1476731968 8
55334811 16
479606222 2
-1827940199 8
216424871 16
-1009444288 16
2079660604 16
-1408520063 2
471464328 2
192771543 2
341261513 8
18580039 16
917796022 8
1738822959 2
1588653281 2
-738290648 8
103824127 2
789111857 2
1641761251 16
1556975011 8
-761851166 8
-100883156 16
1741065109 16
1204608198 8
64794618 8
967323259 16
1858174255 2
-719702961 8
162587883 2
-118233837 8
2073491732 16
1176312823 8
-138326404 2
1086807034 2
-118923103 2
99116439 16
1725974679 16
-1271126904 2
-1827230877 2
2049396544 16
-1637305173 16
-1919161183 2
-1257656616 8
1408742860 16
-1780521187 2
-2066326413 2
-2040391391 2
374547322 8
594706414 16
2028771737 2
-2032504624 2
1410501588 8
884511328 8
832838297 8
1203770738 16
969313999 8
-357435617 16
-469610929 16
1421377216 2
1020472253 8
-540204805 16
1918786661 2
-1286003599 16
1801260084 2
-76919617 8
247959224 8
-1006869691 16
-1782236907 16
-950434687 2
-244788763 16
-1864969761 2
-462235778 2
1926044984 2
-1031366360 16
473683262 2
-1673041877 2
1332996838 8
1925121035 8
682845526 16
-1033075741 2
-63551474 16
-724766989 2
-2112817311 16
1134735770 2
1842169304 2
-1532704821 8
-1643585122 2
-1642898501 16
1643032240 8
845453504 2
-821454636 16
1973557595 8
2099600610 8
-1516642476 16
884809653 8
84112229 8
-2053816341 2
1182318703 2
-2065051290 8
88382864 8
-1356718146 8
1554455600 2
-274339131 16
-2016775978 8
-1241284706 8
-1805142352 2
-1419523916 16
708290453 8
-1995788073 8
-1569770173 16
-463714127 2
-1288470310 2
46807646 16
706858170 8
-646299721 8
-1055417318 8
-988941470 2
1834164751 8
-1848917346 16
1713214747 16
-505962435 8
1298795315 2
-677607975 8
-514311956 16
1402962240 2
-1950626910 16
-680788263 16
-1702133849 8
-1722019950 8
1880988587 8
-1313771161 2
-2140687044 2
1927011401 2
-37854320 8
1987461165 2
-1167728941 8
-970362154 8
-35821607 2
-1178919814 2
360465054 16
-1655151344 16
-607664313 8
397303174 8
810917227 8
805905816 8
893084768 8
-629430659 16
1366832573 2
70320318 8
-1870689320 8
1708674995 16
1402380242 2
-98526155 2
452527192 16
-1776211576 16
-612676437 16
-1490874359 16
1014108207 16
430967609 2
-1921202914 16
-1596415399 16
-2008582983 16
667113128 2
1384113542 16
1568050793 8
-750502376 2
841124488 8
1391915137 2
134975317 2
-128112673 8
601473213 16
-657582297 2
1777441589 2
-1662135796 8
-2117798785 2
1252309949 2
-878419674 2
982208573 8
-1355506650 8
-1723987431 16
482069159 2
-1855303337 16
1829776301 2
1295868621 8
698317149 2
999329085 2
426475498 8
-2048675203 16
1889474086 8
-830792890 2
1134240301 8
779404993 16
411671899 16
1317951922 8
-565915692 8
1570072738 16
-9139471 8
1984310236 8
110671832 2
-42897819 2
-1115499417 2
-1277396710 8
-418246570 16
281251755 16
780734074 8
-1177381433 2
-600213970 2
978575360 8
466936278 2
-1632729384 2
693235636 16
-1524693031 16
1079425429 8
1423045967 2
-326353765 16
1917546820 16
-1706325334 16
827758857 16
-1576313174 2
-522980382 8
1235383409 16
1174759498 2
-682808479 2
-1682757577 16
-761697151 2
-826553797 8
-988354742 8
-1413159678 2
-1536978279 8
-1407340018 2
602227349 2
-27617159 8
-1557810187 16
-68355158 2
997579834 8
177283178 2
-24253856 16
2066088860 16
104694461 16
1691856213 8
884433762 2
-1529092173 2
60037853 2
1536306891 8
1560727997 2
-1968286910 8
300759414 2
-363476499 2
-337994493 8
-892636181 8
2080992478 8
2046220904 8
178252009 2
1217141531 8
-1877354068 8
1036813425 2
-1333406523 8
215765216 8
385311025 16
-1365177655 16
-1941034817 8
-1076936927 8
-532192009 2
-222662125 16
-49690411 8
1732138077 8
326146040 8
-802601108 16
98996288 2
-1881601133 8
-688412637 8
-2051904031 16
350318741 16
-1658800801 2
590390482 2
1500655937 8
1399116972 16
242751317 16
512929361 2
-1787621500 16
-1729449421 2
1493629487 2
1867908076 8
404364310 16
-1900394315 8
-1029199216 16
-1127419064 8
-1598628161 16
-1434183406 2
678075807 8
126845999 8
1523530780 8
-2129414511 2
-348058238 16
1897749132 8
-144603020 16
819425443 2
-429901289 8
46953282 2
-513941096 8
754475315 8
-1318904103 2
-1264136392 16
1915202726 16
-1214190746 16
720355754 8
1600224220 2
-1411625808 16
-2019656790 2
2122291033 2
887245534 8
791448108 2
-1652603943 2
1607544992 16
-2006448398 8
803247817 8
628535949 2
563980779 2
1114295679 2
1561472617 8
-1902481284 2
837048014 16
1968112270 8
-1093697321 2
-1671398138 16
-406523817 8
257675977 16
-1195272281 8
-78504911 16
-553249687 8
563004609 8
-952124715 2
-29145781 8
-1915312027 16
-1285376604 2
136538221 8
2037652852 16
-375906208 8
-2109077414 16
1999213709 8
-1036520369 2
-1233766142 2
-17775296 16
-1078570718 16
-1516941425 8
-220860894 16
531185023 8
1003046206 16
-294562128 16
-222298259 16
-228150915 8
1717913786 8
-1832986699 8
-10812146 2
252394589 16
407394702 2
1905142010 8
-205453496 2
-862996616 2
70251516 8
-162481622 2
939816622 16
-1391438323 16
178317893 2
-1144162224 8
248610173 8
287415236 8
378485345 8
1444091756 16
1415171288 8
-1704711298 2
1570912465 8
-1607431985 8
-636348981 16
-446193831 8
-2005795626 8
-124079793 2
-111719171 16
2101546123 8
642462473 8
1156385188 2
1277683973 8
140297206 16
645131600 2
-1880529107 16
732383289 2
724315485 16
-445926133 16
-1332122331 8
407040444 8
-748184641 2
588468221 16
563852495 8
-1526871531 2
-819260965 16
-2027526813 16
-493079715 16
-1130040443 2
1157875303 8
-1641814602 8
482768311 2
-871883205 16
-1327178997 2
128998785 16
-435587646 16
1729743452 16
31372297 2
1697618440 2
1518518949 16
1581562052 16
-255631484 16
2142718789 2
-747014050 8
1670691571 2
-1412379903 2
1583749451 8
1314101944 2
-1775126720 8
1581973658 8
-1512506910 2
1506417273 2
1998718983 8
-1707277398 16
943735846 16
-381962205 8
-1962043442 8
1980810815 16
-721258654 2
-1929362647 16
599927677 2
-1352332704 2
1712183696 8
-567517263 16
-33646018 8
-2144634013 2
-632311675 2
-1479089612 2
-731777014 16
-715971281 2
-1836481452 2
1881073848 8
-188698801 8
-900993015 8
152564611 8
-1121594165 16
-696654342 2
-1729849889 16
-569501022 2
-894006917 8
348060036 2
-914335085 8
-390489691 2
-383723956 16
-1532496473 16
-368588268 16
132975388 8
787345942 8
744774557 8
255482051 2
-821901801 8
-1269191170 8
1848519068 8
-57493524 8
-1737533528 8
1090481346 8
-1849977679 16
-576777884 8
-109131692 16
-526032958 2
236070083 16
-534696561 2
989115657 16
-235851721 16
-1115136559 16
-1296708600 2
-183157195 8
1201234590 16
699825064 2
777794482 2
-1698834304 2
-2054668885 2
1427460222 16
-1667797931 2
813290800 2
-1475999482 16
-1823544254 16
-346084618 16
1263604469 8
-1740130393 16
-764734407 8
2079091303 8
-318208034 16
-1054514275 2
1771791113 8
-2013329935 8
1354785678 8
-1236996893 16
1747863584 16
80924122 2
-958032374 8
-356300238 8
-170169525 8
-1299455206 2
1306508675 2
-1755039195 8
-1046128915 8
402411890 2
-474565265 2
-1999564763 2
-102545910 8
-2053187363 2
329363484 2
320459002 16
-354445147 8
933262642 16
-386953563 16
259437932 16
-785457176 8
-848554334 2
658824823 16
-503909909 16
1347365404 8
558464526 8
246680912 2
1355882614 16
79975824 16
-1415904871 16
722993720 8
273175899 16
-2114094582 16
-933556066 2
1237401470 16
-1400630759 2
-889331829 2
-1739647380 16
1519913155 8
-984022007 16
-1435047717 8
635792392 2
-1899105146 8
-1872204773 2
1466580430 16
1891445371 8
-179504800 2
579207148 8
-554829676 16
-341390127 2
1732957478 16
-618078128 16
614338626 8
-1505690898 2
-1089232983 16
1584910315 2
-1185969254 2
1883352364 2
1322255867 16
800374247 8
-1060171312 8
422648412 16
1048513550 16
1089067225 16
-1771678478 16
-401287636 16
-1322687788 16
753782966 8
1934982027 2
-1691933046 8
60286863 16
-788249456 2
-2026858757 2
608772166 2
497328938 8
-1276807361 8
-1052497235 8
393737451 2
34988785 2
212909576 16
-1137668834 16
-707401043 2
868450164 2
756788550 8
-654400958 16
689122359 2
399665658 16
729928896 2
101022292 2
-1568630675 16
-796114288 2
-1074379927 2
-846382866 2
-61129098 2
134074831 8
497820877 16
-223084172 2
-365892254 8
613092281 16
1193682972 8
1083239190 8
-1225394369 16
1879965782 8
1668302823 16
-603097671 8
-1960324314 8
851400461 2
2050826735 16
1937781004 8
1246848493 2
-628948677 2
-818328225 16
582387809 2
-1751097702 8
-201582607 16
-323988839 8
-9144483 8
1954024757 16
746340224 2
1185570896 2
-1490049708 8
-1889040730 16
749913830 8
524082977 2
-774837901 16
-40470748 2
253587894 8
-119672106 16
-57884187 2
1093238990 16
-744648084 2
690712742 16
1487413324 8
-67053065 8
-790957550 16
1161308647 2
-1711336979 8
-441614047 2
-185612951 16
1123929974 16
712089264 8
-18733955 16
1202382793 8
866772497 16
1576603679 2
886789813 2
-1392902194 16
627991638 16
-1514613792 16
-947708653 2
401898673 8
672086957 16
-459954553 8
1804180473 16
353293342 16
-221694218 8
-1487680591 2
941549659 8
-1316451342 16
-1297666366 16
-1247970560 8
-1199924412 8
1901261141 8
1955379823 2
-76453227 2
229877684 2
1080412668 8
-1214950371 16
-1172145583 16
79841439 8
1710498302 8
47878320 2
1013266658 8
-443117121 2
555911737 2
-373275522 2
-1348079682 8
-546051028 2
-1402647460 2
-1582173337 16
1967327623 16
-126463420 8
414045771 16
-2003908104 8
1047109062 2
360344499 8
-1749243580 16
1800633167 2
1194050735 2
782264249 8
635845556 16
1625814765 16
-139965581 2
-147368450 2
1754801578 8
-1709446321 16
-74879826 8
840667483 16
1909053149 16
-1779477356 2
367629656 8
-580102266 2
-559658785 8
-1655682971 16
1922560842 16
924490575 2
-111628991 16
-804306756 16
59349297 16
-83361082 8
2016832911 16
-798275489 16
1924379331 16
474954409 16
-1620403467 2
2055376532 2
1040846458 8
-949227017 16
-2086026607 16
1527737454 16
2091556805 16
763009348 8
834357067 8
-77762836 16
-586174144 8
683399276 8
-1195736036 16
-1513710969 8
1148391000 16
733153903 2
1419017914 2
-984306467 8
1095907403 8
716831963 16
999322847 16
1207676781 8
93808197 8
391811979 16
415080439 8
-1691903091 2
828824137 2
-1734820112 16
-1316031956 2
1951468430 2
-918984753 2
-1061462089 8
-986352290 2
56862969 8
-1817754537 8
191709756 2
51407050 2
678858222 2
1331632753 16
1414880896 2
-927605928 2
753297319 8
705304613 2
-646122806 8
-594514088 16
469819945 16
-606372583 16
1139991669 2
-1286335520 2
1422490220 2
1651023571 16
-1350339873 16
809564088 8
1957778196 2
983102013 2
-1229078054 2
244775411 2
124446878 2
-1701478185 8
1390240277 8
1359275392 16
1530813322 2
-2006124644 8
125063173 8
-468902693 8
-2021240899 2
-627811895 8
92060836 8
4044533 2
-337046468 8
224791361 8
1632716264 2
-1604465022 2
-430302068 8
-142850574 2
1553963578 2
-1694964125 16
-289842495 8
-1887208553 8
645476125 2
1798502109 8
-295018934 16
1656194365 16
-1505459042 16
-860699734 2
-621346381 2
-1710573693 2
-476471470 2
50362977 8
227082854 2
-2029138524 8
-1621034787 8
211357625 2
1503864546 8
-1305709144 8
-376076400 2
1855774173 16
-405048304 16
260632004 2
1082209345 8
-1462936007 2
-192954657 2
435639887 16
-1247959450 2
-294486763 16
347861920 8
956649230 8
-914076809 16
140182647 2
611850275 2
-1561332219 2
2113958547 8
-2121775360 16
439031761 2
-309741495 2
-667534447 8
431671462 8
168289936 16
1986120896 8
899614550 8
-776161523 8
228708329 8
-1359833844 2
-1509636038 2
-1666581191 2
1963172628 2
-77644415 16
-1939663957 8
1295636812 8
1758799369 16
447591234 2
542929195 8
1685034820 16
-1539870765 16
-1751294988 2
-1387221829 16
1870897991 16
935207029 8
717282515 2
821096093 2
-2127128569 8
-289750712 2
-1524381456 16
-1659602077 16
2026238330 16
1522402589 8
2026009610 2
356616883 16
-774234270 8
1196632711 16
-887214310 8
-1658708107 16
2118044233 16
1016984775 8
-748671075 2
-1196008294 16
1571296087 16
2134596137 2
-546870427 8
337143254 2
967197504 16
1859711509 16
-1582970272 16
-1137538665 2
-1156219357 2
-2112454827 8
-741385734 8
166192658 16
969961297 16
-474345492 2
-368405417 2
-1147958251 8
1603423168 8
-2078147366 16
-494540691 8
-634722164 16
1421167265 16
-507946219 16
1518869996 2
-207385336 2
1894470730 2
-641339725 8
-455899711 8
649601093 2
-386927335 2
2011093614 8
-827879600 8
1203929444 16
-437446905 2
-37739287 16
48038534 2
1781313358 2
-1234795839 8
-1454509439 2
1811601185 8
473164079 8
-2139445249 2
-1045992426 8
-827556405 8
2115826025 8
502466380 8
1578492381 8
522155053 8
-2017215314 16
317462629 8
309560991 16
-71540791 16
-819445639 16
-1686096720 2
1358914342 8
1405543485 16
-953133028 2
789810205 16
-161297297 16
-789625045 2
1611724526 8
-760782951 2
-551206652 8
-1391477088 2
-1182235417 2
-1491751707 8
1278964960 16
-1945651000 16
-615626864 16
1460414095 16
-232908968 2
-818731588 16
-506856258 16
-952771476 2
1361169915 8
1642976425 2
999852854 2
-308727968 2
-1899090263 8
861208199 8
-670453470 8
-937866680 8
1956929157 2
1909885811 16
-2054926356 16
-1702313284 8
-335334310 2
-45613117 16
515933239 16
1825037659 8
1834497935 16
-1631784620 2
-1468716917 8
2138832751 2
1938197474 16
-783466424 2
853386721 16
-219462117 8
484949919 8
614052714 8
1174471826 16
546392030 8
-1081537071 2
1022554235 2
1710761541 2
437739411 8
151349878 16
-45386867 8
188082647 8
-1636459447 16
-2113926311 8
2078036037 2
-1976717425 8
-1573260411 8
-574991823 8
642796092 8
635795075 8
-1044810867 2
1959435355 2
1919017462 8
1162559098 2
730385756 16
-715916853 16
-847820522 8
-453328543 16
1504917196 16
-1702698968 2
-1901363448 2
-1400882837 8
1549655788 2
62172470 8
182016112 2
-195352230 16
-576890275 2
-877705424 8
-1027476290 16
142479942 8
1354681531 2
1555674271 2
-478236136 8
1213985192 16
-1786595077 8
-1747812671 2
-51085074 8
-1851946757 16
1572573323 8
1359180089 2
-216956524 16
926837624 2
-387344252 16
-1629185183 8
1375135201 16
-1676493438 2
1999598189 2
-85266731 2
-1292220711 16
-253386622 16
290490771 8
1923136943 8
1427067829 16
-1659940143 2
-1302811626 8
632183240 16
-589227248 2
-939490464 2
1332822490 16
-222907291 8
1110337712 2
-286088120 2
-1046034108 8
-149326069 8
1744050358 2
1257671441 8
-1983107568 8
-1631524635 8
1242859729 2
1337615972 16
-1976084862 8
1935599585 2
-906133782 2
207334328 16
-504742298 16
-306819235 8
-1039750182 8
1744306749 8
1890235958 2
1005815848 2
-1637985406 16
-2022121161 2
63895344 8
988475864 2
1337456755 16
1559658863 16
1735731063 16
1746822755 2
1309255619 16
-1153262036 2
-1000431782 8
334222717 8
-682717037 16
35851565 2
1306109563 16
-1795157358 8
-1968240738 16
-1093911075 16
