5444
-50042253 16
1702957509 2
-1625500783 16
-732038764 8
188634408 8
1020832913 16
-1305518420 8
1485825281 2
-2083635852 2
97560595 2
96368847 16
-1885710695 2
2045126223 8
-555896977 16
-265127812 8
1056248298 2
273098023 2
-1567518717 16
1370079052 8
-1090845866 16
1518390384 16
1091565545 16
-1993869205 16
-225836244 2
1257547388 8
-483826629 8
-1627620586 16
-2079139241 2
-1005335598 8
-1603997075 8
1118068589 16
-1152467190 2
482412852 2
1805716123 8
-961227943 16
1761666184 16
2024083308 2
-91437438 16
1621470438 2
266160733 2
805952814 16
523498156 2
1689145498 8
-778708850 2
-364210112 2
-161614482 16
1230193956 2
1951352287 16
-1070223303 16
-849950188 16
-76167643 8
-1612263857 16
-349401808 2
-1027826803 8
1526351590 16
65639944 16
542937666 16
1907761696 2
1297768079 2
819672303 8
821942769 16
-2069643169 2
-345363910 16
728307343 8
395620147 2
-516346623 16
284868600 8
-73205353 8
24800585 2
-295230804 2
-65502622 2
253157860 8
-1491279614 16
-111547637 2
166781871 16
-1462825464 2
-1541373911 8
-89443567 16
1284165566 16
-2138990928 16
-1653588166 2
507148596 16
1472488079 2
663289122 8
-1473249996 8
-1777867113 16
1602975104 8
-1222625241 2
614805538 16
-1811763908 16
-1018103827 16
1532461395 16
-529116292 8
1900223839 2
256271387 16
-1323267501 8
-431172812 2
-1329704064 8
258444183 2
2001365071 16
1376195472 16
118016957 16
1792635074 2
-200373224 8
892432307 8
1612975157 8
548607452 8
1989657341 8
-505202908 16
1993219664 2
-382947332 16
-916545431 8
1998355486 8
982373147 8
-1522608860 8
1435937131 8
-667301218 16
1201250561 2
92465197 2
-343673021 16
797885527 2
202253296 2
-403555316 2
-759786291 2
1724217522 8
1149106349 2
1349966181 8
1370108840 2
1462465568 2
1903897660 2
-2067518001 16
124274757 16
2022507256 16
1180221273 2
158044461 8
100239433 16
-196812915 2
-1751679805 2
-659335764 16
1246141478 2
289934759 8
1624102739 2
-688566608 16
-751905454 2
-1960047837 16
1491781525 8
278414389 8
932899354 16
402842271 16
69530382 16
1249909816 8
1602965720 16
205083553 8
2067781245 16
-673850220 8
-460465921 16
-1876599200 2
1245853955 16
105314652 2
1328240118 2
2069432448 16
1486015943 2
420923184 16
-2012434008 16
-684346671 2
490212597 2
300598477 2
40013204 16
16736777 16
-2021854945 2
745523035 8
330224802 2
609979025 16
1551613099 8
-1039963769 16
771381692 8
-676621878 8
1176365377 16
-1013323247 8
-429934169 8
-933827032 8
-1670715569 16
-81885074 8
1115900019 2
1052505433 2
-20512275 2
-1578561881 2
-1451067940 8
1425307253 2
-1047868268 16
1848719520 8
2100323777 2
-1463241655 8
-1994157754 2
1102601114 2
321275263 8
1678319408 2
844276903 8
-2064363184 2
785721776 2
-1698774582 16
197631555 8
-1595192036 2
225474101 2
-2060749815 16
-1456965991 16
1850669271 16
876684539 8
1627715440 2
1975992517 8
1730176354 2
1737446842 16
-1186335411 16
1183697366 2
1000894369 16
-1165113818 2
1005384987 16
1406925782 16
1804443916 8
1069740691 16
424156857 16
-1239382568 16
-1282330645 16
1615152959 16
1238689534 16
1834847330 2
-1439035465 2
-1545139601 16
-1257015689 2
-1856220778 8
1218887109 2
1366600135 16
-98794599 2
-1331271948 8
1704669125 16
-2036704846 8
1244699529 16
-709632555 16
-1039080044 2
227696052 16
2087506415 16
840341635 8
-1170048333 2
999491460 16
1007966689 8
650865470 2
1436467861 16
928180446 16
1066540907 16
-706072433 8
877022031 8
-106251079 8
1232476596 16
581710141 16
592161404 16
2141094234 16
1164180340 16
-1162129002 2
-1153903114 16
-587510024 2
30064512 16
78183109 2
-1975712001 16
737639526 2
220361826 2
-1391672902 16
-53082042 2
-1049018820 8
217833302 8
-944350935 16
1244486033 8
1434467771 8
1609794274 2
-1524186568 16
-1773608110 8
-610096862 8
106204185 2
-2007683080 2
1965801559 8
1576315279 16
-734556326 8
-480575028 2
964726249 2
1736221923 2
431124139 8
-803656340 16
1318828825 8
-875065071 8
406951702 16
1130275525 8
-889020214 16
-337175687 8
-979477128 16
1001405240 8
-1761548950 2
-392955634 2
1612732332 16
185139685 8
1244517600 16
1855746367 8
-869309670 16
-893670337 8
1829286988 8
170853185 16
123843727 16
-726273196 16
1382895949 2
1321123764 16
-1381241927 16
1487224067 8
1777353652 16
-1596506425 16
783653337 8
843852784 2
-456238857 16
-793685112 8
-576336552 8
-1553893210 16
946651377 8
1948589392 8
1266216572 16
-952404093 16
-1037133439 8
1308701964 16
1664230385 8
2072371625 8
-957280866 16
459092457 8
-167375167 8
-1997762006 16
1609150630 8
1143237662 8
1070479347 16
-194815202 16
426816604 2
171955304 2
-336653128 8
-1641171624 8
-1421600529 2
1447685195 8
829189317 8
-926466796 2
1755772717 16
-480137276 16
902713154 8
1992338578 2
102404891 8
-386156567 2
1878987839 16
601440141 16
93900357 16
-1778024464 8
152055467 8
1867811511 2
-1250909536 2
-1324870631 2
-11440675 16
-130807181 2
128327855 2
-1353980699 8
342050474 8
-497980459 2
1697198735 16
-1050892439 2
-966439613 2
2133817703 2
91602437 2
-1181978134 2
-2049239973 2
1574806058 2
1427133335 8
882323 8
1880755035 16
1244367957 16
-1219501212 16
580325619 8
-1037836896 16
780106793 2
-363830354 2
1143001916 16
-1507822448 16
977072978 2
303790536 16
-1835318752 16
2006032061 16
1694976293 2
1291590870 16
380925375 16
1628042181 16
1563153295 8
-1550962470 16
560119071 2
1778277871 2
989409157 16
1944831705 2
-48256519 8
1040525779 8
627713457 2
-1061264381 2
-892382566 8
1532458759 16
998885983 16
-1823148481 16
-1724301163 8
1108606017 8
1692375711 2
123252430 8
2117669962 8
-676446822 2
1323734829 16
-1839487296 8
1958349886 16
1749356046 2
303303511 8
1078552771 2
-1704271223 16
-2134621351 8
-1769610701 2
2104100231 8
-770284331 8
-342755734 2
182600148 16
-1819205788 16
1388729724 2
1022836145 8
1879351134 16
180981101 2
-1583586163 2
-1970957170 16
-1518568719 16
2081910982 2
-1298564475 2
1201762780 16
-1505847583 16
-1143542556 2
171605972 2
-1211580101 2
-1994119093 2
-1851170325 2
-194488479 8
-966409053 16
-1095788904 16
-1305388790 8
-471146659 8
777270576 8
326775875 2
-1499979262 8
-1380667852 16
-1245610954 8
-23641633 8
1437046570 8
1504602055 8
-1330485093 8
-971751812 8
1343866970 16
-872158432 2
-871667550 8
-239684899 2
884453611 8
1314492603 16
-1251906055 16
1928013601 16
-1983960683 2
-1362858423 2
1694237084 8
150326712 16
1930529860 16
-1417836347 2
-1917570647 8
-1733564134 16
1317516934 16
1537262831 8
-379198766 8
300897899 16
745645757 8
423005085 8
-2075932259 2
-1164980901 8
1021328844 2
1953466722 2
-584927818 16
148960617 8
-1529776841 2
-1981233004 2
-1001397266 2
1870189194 16
-1542082543 16
-1984691550 8
-1227160489 8
1601053519 8
-2083332410 16
1461617671 2
1133845935 8
-1800245792 8
-1801374288 16
354540684 2
2095493550 8
-1671493271 16
239573181 2
84574185 2
839831636 2
-1673290974 2
-463343314 2
-1561812221 2
2077811254 2
-2029191190 8
-1502307033 8
869301930 8
-1457547698 8
92238804 8
-63399021 2
1179408107 16
348834695 16
-1996735206 16
442212378 16
715774470 8
521988369 16
-1772594607 8
487254505 8
752609958 2
1334606473 8
-230673701 16
1262438202 16
-1388267917 16
656843141 8
30371868 8
1251371022 2
516151596 8
513909586 2
879306570 16
1200318375 2
-146170659 2
-1860431645 2
-1864207229 2
1011967519 8
-697556625 2
959036441 16
-950901650 8
-752908031 16
-1458252903 8
1753818658 16
1693754428 16
-2121445983 2
-378424349 16
1939728715 16
1088130526 8
-442842613 8
1855516051 8
-349867129 16
-145438055 2
-587678102 16
-1811969532 16
-1699517247 16
-226023297 8
-268105808 16
866662953 2
1170181997 2
1831514843 2
-1958857598 2
-1416050379 8
1047173949 16
1112857813 8
-1016225601 8
305890042 16
495030999 2
822316326 2
-423014142 16
-1396050779 2
1379988294 2
-1317187693 8
-507414807 2
-1320445950 16
1671625831 8
231870492 16
-1425203092 16
-480331630 8
1071125290 8
-2057733884 2
989598386 2
-760010372 8
-2032210656 16
1011035917 16
876820036 16
1935643341 2
438694823 16
1983164798 2
-78162609 2
336057225 16
-597607530 2
733619512 2
160533606 16
2032432627 8
-1650846647 2
1736139294 16
-1226934429 2
-54304518 16
-2127962266 8
1577117618 2
487890942 8
943502522 2
1644141037 2
1770841173 16
2084241918 16
-1455615933 2
-291783465 16
-472249475 16
1059309314 8
-1517180365 8
1050814977 8
-1501154374 8
1880120009 16
-555948723 8
-2067315533 8
-825798652 16
-131176190 16
2042701301 8
1119481982 8
965003864 16
-854828777 8
1681390215 2
-1426288670 8
668174226 16
1528683686 2
-316853324 16
-1596353985 16
1868384521 16
-1437876504 8
-694734408 16
-990498175 8
1400427533 16
-1209158911 16
1404182400 16
1728164866 2
1913948586 16
-790526235 8
-1124012024 2
-226524909 8
242591732 2
-20788323 2
-1530074802 2
407044228 2
131938987 16
-2132490633 16
-242750293 8
-667522292 2
1704193110 16
1013595052 8
187612454 8
-361235254 2
-193678364 2
688350421 16
653340496 8
-353117582 2
-353449338 16
1320670026 16
-1801332146 2
628369945 16
-108024729 16
-1304116387 8
-369037340 8
233469808 2
-1995507894 16
-1884090356 16
-558368271 2
-1101686311 8
-1062755875 2
-2130824666 2
-313145709 8
-1978342645 2
-2117298757 2
2047760874 2
2045574084 8
834848740 8
2122383780 16
1575230727 8
491763414 16
1568229465 8
-1009020136 8
1117050305 8
1587974278 8
-1167016511 8
2019248699 8
-497324816 2
-1477491411 2
554317252 8
1907958776 16
-2052760967 2
-347652658 8
-865413192 2
-148475305 2
-54696996 2
-2068741604 16
-822157710 8
-92722723 8
1000502164 2
99725886 8
1069017729 2
620269564 8
-46581156 16
1868277552 16
-831603843 16
1022074212 8
-1265243781 8
2123950570 8
630155561 16
-496233800 16
-2107247580 8
-469721270 2
685190669 16
-903598095 16
382610090 2
-1888871455 2
-1290575133 2
872654534 2
29522316 16
-1006810526 2
-485310835 2
1699138909 8
-222936299 2
983836742 8
1860569787 2
129813434 8
1924284852 16
1232432228 16
230841616 2
153260340 8
-44183120 16
2005628534 2
5188491 2
749510036 2
503642797 16
-69488237 2
2099313501 8
-28737270 8
-1010132015 8
1832108105 16
-1960370268 2
-1705821330 8
1196041196 8
1022715096 16
61153976 2
670228960 2
1666072625 2
-1243411831 8
-277297647 16
-1113917287 2
915264014 16
735098590 2
604532997 16
1915104541 8
2067480780 2
965956666 16
-1308674479 8
-52291268 2
1623842783 16
-646825041 2
884904611 8
884050918 8
1098733363 2
-1477208475 16
-2072663112 8
-1035546897 16
-687597904 2
-108496164 8
-1019717620 8
-1762191353 2
-980233827 2
-1595212911 16
-2049796636 8
1913072735 16
-1212972961 8
1282369102 16
1989365387 2
1331603185 2
-1429578964 16
-1174126207 16
157463610 16
-1471642900 2
848678404 8
428467568 16
-2111891899 8
1169575959 8
-33149030 8
-1097016226 16
417022531 8
422631996 2
-1452950019 16
95750234 8
-880085530 2
2004857313 8
-782991552 16
2055130078 2
909934741 8
143953975 16
-1295254992 8
-1799992143 16
1660832992 16
1285189442 2
461222983 2
1273823960 8
-1245945073 8
-719518505 8
-1147629064 8
-1953415967 8
-1097969055 2
-275322711 16
-537828995 8
1482929888 16
-765423156 8
-768859617 2
-792300599 16
1005933965 2
-417312824 8
1122841308 2
674914241 2
-366414861 8
-1036848799 2
-1795322150 16
1049805230 16
-1123065451 16
297795815 2
-897059726 2
1657397978 16
294203957 16
-1085058704 8
-2125009264 2
1886215653 8
554804297 2
619741811 2
-453744027 16
-313775024 16
930912646 16
-1983042319 2
1589457382 8
590037117 16
-1584705697 16
-1383983802 8
2004034024 2
166350817 2
-1366472052 2
1593531667 8
936998166 2
-1296704025 8
1517809218 16
546338582 2
1653312232 8
-1110530861 2
-43570654 8
-139734085 16
909885344 8
675014471 16
1960904519 2
-919694136 8
-2111250230 16
-1752713478 2
1861421279 8
-742798079 2
561758569 8
1663953018 8
-1229524860 8
-1359685606 2
450973018 2
121578933 16
-1038872716 8
-1035697152 16
-1095591968 16
617146473 16
-2004843240 8
861403112 8
-537807001 16
-1861644320 8
196727556 2
678951977 8
518896900 8
880167939 8
122423754 8
-1832817741 8
-136340072 2
717166615 16
1204970176 2
-1217012288 2
-1752247590 8
-789145404 2
956536875 8
2131458272 2
1916604320 2
117682075 8
1897954974 2
1525118573 2
1726286019 16
-1007917509 8
852422812 2
425578288 16
-215559132 8
664838133 16
1285290796 2
324830549 16
1822380005 2
1210440668 16
822521527 2
-1346901251 2
155208130 16
-1329853382 2
173308170 8
-510323532 16
-2071006911 2
-97918823 2
-1011009567 2
835467028 2
1110234404 16
1482931889 8
-1514892782 16
438834867 8
1134044324 2
1751819456 2
2110942848 2
-271381431 8
-1375301156 8
-11889354 16
483572624 16
-478088105 16
-1533739973 2
-1246744069 16
-1730812454 8
1411063140 16
8172370 2
-1304349956 2
-384559437 8
668218485 16
489549449 8
-744957003 8
249192064 2
598049197 2
-795583191 8
-715521397 8
-539711192 8
119886265 2
-1298732005 2
-815745673 8
-1030786781 8
303503982 16
-1981411743 16
-1528528157 8
1314537574 16
-640881826 2
-2080404752 2
-700825418 2
1295574221 16
-772582792 16
558002303 16
-1768364783 2
-741224352 2
-1234750616 16
1993204402 2
1470262205 16
1237830494 8
-1599924906 8
63910959 16
740564491 16
113792133 2
1732016851 8
284796373 2
1195260555 16
-1475062377 2
-547775651 2
1371857593 8
-160094102 8
-526419701 8
-1997982 2
-1599961454 16
1149532880 2
-1317792049 2
-678080691 16
1025687635 8
-513426423 8
1600579343 16
1614745676 16
-750812539 16
-17319383 8
-613191613 8
-1788040370 8
1995213825 8
-123493122 8
1786293155 2
-1720304882 2
-263732063 16
-169447228 8
917552875 8
-886004190 8
1702037597 2
1602695479 2
116684270 16
-1165747573 16
-1467649956 16
658603394 2
-1836377628 2
-1195093955 16
1629807176 8
925899311 16
-1769716806 8
-1540859470 2
-665031654 16
-879892023 8
527731277 16
1164705455 8
1628436130 8
83633824 8
1887858596 8
1813065316 8
-1797469969 2
1036972852 2
-18565946 16
1920109503 2
1333679646 16
-251673998 2
866854661 8
-2121667459 2
549513296 2
383252598 16
-828187085 8
1627047388 2
-81813050 8
1515747354 16
362505799 8
1108214090 16
-782090087 8
-775512053 2
1592551685 8
-2036530166 2
956697177 2
1982939039 8
735505197 8
152867378 16
1984413008 16
1004418868 2
1200302417 16
1111174714 2
1538224233 2
1298592267 2
-2140833702 2
119923406 8
380651902 16
1314616187 8
1787724185 2
1135732066 16
-727534468 16
1515629296 2
-392491590 16
-1426373875 2
-784608594 2
-128960920 2
1548090203 16
-1303953826 8
80369055 2
189440845 2
1416703881 16
1609552074 2
-1656509624 8
1511427254 16
840686957 16
805220924 2
1889592448 8
154371343 2
-406418599 16
1606590914 8
1306987375 8
-2012823016 2
-1274201860 2
-1169959078 16
707445087 2
918706778 2
-1479748879 8
1660993159 8
-277076146 2
696266424 2
-1040061343 2
-1945339665 16
-1233150411 8
1830737603 16
182830491 8
1239521527 8
-1389466084 8
-1278319867 2
818100460 8
-413380293 16
-32267844 2
293686938 2
-1927593942 8
-492524870 16
-643331425 2
1594092241 16
-611413677 16
498450828 16
1795449567 2
886238256 16
-467509978 2
2018225854 16
708741120 8
-537218804 16
-329107353 8
-354872181 8
1232203670 2
-63275959 2
1496890881 2
-261693094 8
951488614 8
-524669527 16
-357132300 8
1949978597 16
-121114149 8
519400666 16
-1420625141 2
1310550002 16
-1621082121 8
1427709825 16
840255827 16
-889605826 8
-1786449567 2
993383398 2
-1106859772 16
-1029785384 16
353818538 8
2074306041 16
-1506550958 2
-1686194451 2
1965532110 16
-355030716 2
-261119943 8
880460506 8
686959043 16
1456258087 16
605259021 2
1072658454 8
938119777 16
1781150389 8
1083134705 2
1607220568 8
-880255783 16
-1592237600 16
517731844 8
804347724 2
1961169734 8
557826545 2
514912367 8
-846905847 2
396936702 16
202165864 8
1679671503 2
1851249320 16
-1959156514 2
-292081522 8
-1179339470 2
719215177 8
-559683731 2
1316389812 8
1040734952 16
-2142478311 8
445345945 8
-162621050 16
-1477812108 2
343325132 2
654611791 8
-321115261 8
203312261 16
1597162868 2
862934737 8
-676443748 16
-266032892 16
-466208221 2
-1923974176 2
-1808814777 2
-539773714 8
-1290873377 16
-1049160161 2
1120309412 2
-1669712874 2
1818449281 16
-990629473 8
-347374646 16
-914930265 8
1314309261 8
-132897875 8
1830607055 8
1166885259 2
610274002 16
-1042860522 2
68074038 16
-571736093 2
892933703 16
431566710 2
-2016279143 16
1065069304 2
-136971331 2
2013798019 2
1827120724 16
-809193807 8
-1108955943 16
543470702 2
631039448 2
2132963106 2
1327651136 8
-1786357417 8
-1884040117 2
-672903974 8
-974003735 16
-478736467 16
416938214 2
-232567687 2
-704424037 8
-1081249694 8
-2080509253 16
616024639 8
1194241611 8
832182260 8
-484600917 16
-919555206 2
323136193 8
-948370696 8
116521667 2
-1902872484 2
-817034710 16
1629513238 2
23579037 16
1432151474 2
70602617 16
-1658197630 2
-2145404735 16
-1473866036 16
-1017763380 16
1559495505 8
286276619 2
1448192403 2
-911023853 16
1967259398 2
865880088 16
-1623402038 2
127862660 8
-1507206570 8
1636132186 2
1045937695 8
-249873984 8
-1980513616 2
1144004764 16
-357459076 2
-814999780 16
37783559 16
2037020752 8
940703208 8
-919609389 2
1605792864 2
-835176491 8
219501905 16
-2051067356 2
-1584967124 16
1876522817 2
-1550986743 2
-373342279 8
281073505 2
-873368570 8
-1567078318 8
218107372 2
1443601712 8
8857796 2
-115446173 16
-1842944131 2
1720286863 8
-1414147422 2
455579270 8
-1496161885 2
1922144447 16
-822239237 8
407181441 16
561297143 16
-193106073 16
-1963434430 16
765798125 16
849142755 2
-1764999238 2
-1774375184 2
-477174790 8
-1252843527 2
993834333 16
-646711970 8
-116081241 2
-2114473845 2
1871854936 16
-612501076 8
1646689165 8
-1748844204 2
-1793070985 8
-2058034942 8
-1372079553 16
-687398279 16
-1019021722 16
-507346263 8
740388024 2
386679527 2
-118179685 8
-1898998134 2
119712933 8
1393631276 2
1144765561 8
-830834859 2
1410307578 8
-1158452382 16
1596404956 8
-1803548551 8
-1661311011 2
1468796007 8
-1868358582 16
-1060655709 16
-1272999360 16
-802515069 2
1230320853 2
-1411706835 2
-1983545508 16
-1143447287 8
2084510991 8
263452927 2
1699585731 16
-1984616870 16
-1752593822 2
-469892957 8
1181068333 8
-1907048086 2
1326742181 2
-1958319123 8
1774407571 16
-546778589 16
-677721214 16
502404300 2
260462516 8
712076100 16
-313414313 16
1891677747 2
-613105016 2
-1365377125 16
-2116937701 2
1551167716 2
-1774690918 2
-1550194088 8
-1637586187 16
71426631 8
594002563 2
633416988 8
1320765781 8
-1505359330 8
-884326875 8
-863274421 8
-504458701 8
-774440475 8
-2145363173 8
-497634583 16
1834816106 16
-159206628 8
867860111 2
-1517160661 16
129322872 8
1453444939 8
-1288763637 16
1005841432 8
-2036873805 2
1856233240 2
-518365506 16
-840888778 8
771634793 2
1556509311 16
62577927 16
1733101756 8
-1264101174 8
-2081015266 8
1447803481 8
2014821479 16
708734432 8
1102947769 8
-703096440 8
1424731816 2
-514791867 2
679991417 2
-1232269816 8
1886945535 2
1944501317 16
132429662 16
-988850604 16
-822683452 16
-1418634971 2
-2039877564 2
193621161 8
797530740 8
-2109809164 16
1564188349 8
1999292519 2
-1758182832 8
-441223999 8
585297024 8
-171624692 16
-1980099244 8
-1528665630 16
1970913588 16
1383749910 16
33807556 2
873665255 8
73129984 16
1299872633 8
1760906763 8
1337242489 8
-1602477818 2
-1760802402 16
-349251859 2
233269241 8
375316932 16
-953400982 2
-978864986 8
685375321 16
-802786782 8
1909143151 16
529549189 16
-580951010 2
2022733588 8
-642169037 2
-101828911 16
883123031 2
2101174190 2
569534931 8
1240629301 2
2105180816 2
-1332139940 2
1812359933 2
298831401 2
-1649173992 8
1494973553 8
1768466335 2
-852359067 2
-2062012301 16
426200080 2
-1959550899 16
-195952924 2
439099303 2
1944736713 8
649325961 2
1189448600 16
927850311 16
-2132888690 2
1321131046 8
-62869945 16
-791726986 2
-1874848045 16
-192887856 8
-1062122733 8
-828154355 2
-1673304384 8
2050630039 2
-1339365457 8
1252928711 8
16204613 16
1158732300 2
515440104 8
908028334 16
1402218847 8
970803259 2
1097677247 8
-370543903 8
-1576602832 8
-2064144923 8
1491061955 8
2055793576 16
1401578422 2
-1740684092 2
965872704 16
672848271 2
-677855842 16
-139482833 8
-1836224918 8
2070576988 2
-288577381 8
-1417829005 2
-1896535519 16
-368930760 2
-677343903 8
-1287456914 16
-2063850967 16
-49473278 16
-1299721750 2
1260639221 2
-702315011 16
1304453970 8
1116142747 2
474163479 8
245769383 2
1380872904 2
-2081920041 8
792051661 2
856064657 16
1252805266 2
-500429234 2
1332706940 8
-160210278 2
1652367475 8
1819820307 8
-204439601 16
-1948060162 8
-1936676044 8
367978925 2
1045277008 2
1436903399 16
1862077303 8
930992897 16
-85695304 16
-115250248 2
-552195605 8
-1271531754 8
-1302255201 8
-223387218 16
-990134192 8
-2007101774 8
205140626 8
-646321460 8
-143231686 16
-595742062 2
1413513883 8
1562172590 2
-1816427490 2
-714597056 16
-500105410 16
1823085561 2
1355390673 8
-312076726 16
-243211878 16
1740024264 2
2134891729 16
1295871870 8
-860019750 2
-776846173 16
99782393 2
1457616376 16
813820821 2
-39599986 16
1016267496 16
735637199 2
-1110333583 16
1504432101 2
-813162846 16
714337915 16
-1010343204 2
-794492934 8
1908459188 2
1029526005 2
954556536 8
502074074 8
-1751086630 16
608890716 2
-1818100614 8
-936468201 8
-1163544095 16
-119740338 2
720795476 8
1362817105 8
-1022097265 2
-444034267 2
-1185470115 16
1724307022 16
2056300309 8
956913103 2
1507262930 16
170861240 2
-1397800420 2
-19730811 2
2116565613 16
1263003250 8
459271762 2
1855648540 16
-1748238135 2
-1638297691 8
1958079687 16
389959682 8
316117103 2
-962471025 8
-1264840068 16
599286744 8
-1877331077 8
1094725814 2
-360219689 8
1884861178 16
427539681 16
-132141631 16
765513095 2
-189663032 8
841687960 16
1952315159 16
2102528724 16
320068334 16
-138382343 2
-1182098097 8
25492267 16
-1156598382 16
787421458 16
318406740 8
1753045908 8
-1541945138 8
-81103525 16
497350789 16
-1784397656 8
749099511 2
1522539077 16
-536569869 16
-389859361 16
-691940005 8
1844886481 8
-1602750945 2
211945945 8
-1329213274 2
-869222315 2
1650639042 2
1834277694 8
1124052304 2
-1960893347 8
1216215073 8
-2011934872 2
676070618 8
390411633 2
984583398 16
1845978937 2
602814896 16
1882367427 16
1080869427 16
1742849773 2
-564504477 16
108438870 8
729041996 16
955849064 16
-139060852 8
-564840659 16
-82185312 16
230225439 8
-743429681 16
45490596 2
1590903923 16
-732885180 2
1281229338 8
-1361070826 16
33628480 16
-356956212 16
1291931292 2
255403900 8
-739233498 2
98941899 16
266830089 8
849144443 2
1058593930 2
1679325173 8
907189011 2
1914471501 2
-2108329197 16
2143468520 16
-87524225 8
2145798597 16
-2103784098 2
-480569514 2
-1114597890 16
-1450773701 2
1915002600 16
-879958210 16
-2019747737 16
1537502242 8
1363633465 2
-123656390 2
-542355104 2
483689595 8
826392751 16
-738242339 2
-48694921 2
1705752162 16
2044638616 16
-916898544 2
-43963110 8
1196235647 2
-1188876455 2
202892688 16
952327494 8
1848844995 16
-1379584869 16
-1001756546 8
1683071903 2
1064853373 2
2071129101 2
655267848 8
338031725 2
-743669388 16
849348364 2
87288050 2
129525278 2
2112882187 16
-1216443581 8
676163481 2
-1522430498 8
-1031807992 2
-450302233 2
-852502982 8
-252727618 2
1870436958 2
304325288 8
-1837941805 8
323607917 2
291729795 8
1915909550 16
2107717237 2
-182061892 8
-1473165041 8
2024495621 16
1100667494 16
1728267221 16
-1923131696 16
-178637891 16
1879587581 16
-1821055407 16
694356800 16
1711621806 8
-1110236670 16
-1335153605 16
1840935563 2
-924607431 2
-1036318662 2
1173149495 8
-823087246 8
-580004999 2
-1900344376 2
676166754 8
-1029819215 8
1916932327 8
-1553352081 2
-1228915665 2
2104887841 8
-204235112 16
-892351839 16
783526799 8
-228044310 2
599218609 16
1930016734 8
-1548633457 2
1286511142 2
2003129207 2
7094714 8
-92164570 16
1432388751 16
-1943692521 16
824391184 8
1989862210 8
-936405477 2
-1649931663 16
982138566 2
2069283368 8
-1811748475 16
659142807 16
-353816913 2
1019513007 16
-490029779 8
527215871 2
249396447 2
1851087862 2
1151958831 16
860701090 8
-1907218060 8
-772612285 8
406795732 16
711063881 16
-893388059 8
-1639775451 8
1167332207 8
845088908 16
-915472515 16
425002823 2
692740002 16
-1407717101 8
813438963 16
966293397 2
-561076797 16
908714179 8
-624849896 16
-364239521 16
86663868 16
-398756443 2
-1159662458 8
-1490029092 16
-1050108462 16
204512303 16
1262629440 16
-32970183 2
-595066202 8
954740820 16
1716514495 2
-1516165440 16
-1323774224 2
-1488806499 16
1812299381 16
509755559 16
-1353921209 8
60975880 16
-1622164091 2
-386780962 16
-463911235 2
1621380360 2
1209726474 16
-1902387172 16
1363844897 2
172507596 16
-1427020416 16
1225252091 16
-1370098855 2
-505334825 2
-214747921 2
-264440403 8
-1653131787 16
-1034278726 8
-1320478672 16
571687444 16
-1817014120 2
-2132559307 2
-314890591 8
390738201 2
1068231485 2
833250612 16
1704472015 2
1745058197 8
1955505241 2
-1410909504 8
1008500899 8
307003466 8
699922559 2
-1856220990 16
-132988820 8
23054755 8
1100147237 8
-2039893348 8
-728853160 2
-1537259344 8
-1828912657 2
-749681353 2
1224194029 16
-1387630001 2
-1843704352 8
-1371906782 16
-1055121649 2
-626410208 16
-2136574127 8
1678363053 16
-1191580800 16
-762721985 8
250373091 2
1635649707 16
-464963205 16
-1877400293 2
1530598586 2
1231520441 2
1172667943 8
224211352 2
1149563501 2
2137531448 2
96514124 16
906512251 16
186153482 8
297639637 2
-516313437 2
-1439160647 2
469797387 2
2085122757 16
-2056475376 16
-1941657196 16
1262845448 2
1028456086 2
-1828323922 8
-1078044471 2
-422017960 16
1505051203 8
410742620 16
-1712476031 2
1696278398 16
-906864472 8
-1951203257 16
-1052992342 16
909496992 2
1473290046 2
356723826 16
-2036263832 16
1838961256 16
-1993269503 2
1158326161 16
-1051199673 8
-1467521529 8
2065122250 8
-123321204 8
259167100 2
169069121 8
937011128 8
1389597512 2
-1028933943 8
-2116523439 8
-1641760029 8
-1140869333 16
1651130093 8
1208482124 2
1120888421 16
-1740223424 2
1099395801 2
2076322177 2
2052815463 16
684871308 8
654325727 8
1623977754 2
-1026003384 2
-204122336 2
-1934543404 16
-166180330 16
-1855821453 16
771330011 16
836837181 8
-1628442077 8
371444840 2
1064874879 2
1281748472 16
1071438775 16
345692631 2
-1800266614 8
1007510144 2
-2133239403 8
-207163565 16
-1651496464 2
68173664 8
1976003173 2
-169883435 16
-301662552 16
154650937 16
1639667668 8
-1342185170 16
-1385127889 8
1839128053 8
1108764642 2
-1430130844 8
576243849 8
1218988460 8
2098676446 8
-312575033 16
984243110 8
1845828713 8
-1764169873 8
-1595587041 2
344297063 8
-910605926 8
-1118805647 16
574201389 16
-547649869 16
-1971660865 16
-274420946 2
1345182491 16
1413265402 2
-83242891 2
584888033 16
1631345050 8
739147484 16
-1758699673 2
826169703 8
-407207284 8
-611507483 16
960314801 2
139598538 16
-1127425169 2
-832755570 16
1199969886 2
-15210402 2
-302464927 16
1198416103 8
-1309399922 16
-1710381381 8
1177747496 16
-454244618 16
1718935500 16
-227729244 2
572157532 8
-78860624 8
-538006885 2
-1757920853 2
-657368836 2
1712820805 8
1723833419 8
-1103343870 16
-929470993 16
1491998561 16
786123720 2
489835976 8
-1044136043 2
1378669820 2
1968893174 16
-165284357 2
-1896065571 2
383984165 16
-191516149 2
-1638232301 2
223392271 16
-1479347760 2
-1962757278 2
1945176582 8
-1424448810 2
-1422983512 16
-1032103004 2
-844697642 8
-1394794709 2
1014041673 16
1650661210 16
-860027255 2
-1935648431 8
1568007369 8
826474822 8
-921353063 8
-504479242 16
-1130803442 8
1463359532 16
1822490748 2
1604910668 8
-1083942177 8
1856962956 8
-360807643 8
1540312913 16
-2108748940 2
-1354115819 2
2017065365 2
-608660818 8
-1094595029 8
-194619583 16
-2120564190 8
-1929848043 2
-1352673087 16
220344013 16
929950639 16
534644661 8
-1998446833 16
727403849 16
-13137246 2
650255918 2
-910232272 8
331852694 2
-1671319526 8
-1482983161 16
-2107621347 8
-682628291 8
935761055 8
1292084647 2
1046045030 2
964600722 2
990078382 8
-983401858 16
1800747919 16
-393676743 16
1447043391 8
-2069004827 16
-1252639198 8
1909933981 2
-1863885048 2
896074394 16
644768421 8
179860530 8
-1766806265 2
969890363 16
1360307605 8
297666167 16
1104385546 8
-145382533 8
-1859370965 8
-1511269929 2
-161777655 2
1639416507 2
-1950050236 8
-1996729741 2
-984053995 8
-84403061 2
1715793862 16
1571024809 2
1798754894 8
316675028 8
814304553 16
2760729 8
119161340 16
-675592392 8
790459039 2
-730576776 2
953822529 2
633085117 8
1790862321 2
-1392051524 16
-374399153 8
113170966 16
-1999066667 8
-1170864123 16
928111524 16
-2076332701 2
-2105111723 16
-766814917 8
787905816 16
151356564 16
1135133728 16
1731448313 16
-10357339 2
-275123938 16
514704195 8
635309023 2
700520392 16
-1769741240 16
845924251 8
-788544391 2
-579876050 2
-1338416806 8
-1943547367 16
-1395519019 16
1607811002 2
-1765818186 2
-146637575 8
-1480434491 2
1490887880 8
311875210 16
507107971 8
-775248202 2
-1160913611 8
869363664 2
1303547240 16
2064128674 16
-1260890165 16
555898637 8
-1341183122 2
2097858528 16
-1661214635 8
-823570228 2
612992393 16
-1888504309 2
-2042621138 8
-354173674 16
1294675826 8
-1806891829 2
-1965105287 16
-264821701 2
249755423 16
1758112359 16
461641870 16
-1397794712 8
-210027950 8
2131265209 16
1488035402 8
493420317 8
282699850 16
-373947815 16
1872896851 8
-1914643737 8
800874526 16
-1649290235 16
1906157068 16
-759119379 16
2036698501 8
1634134518 2
-1589659222 8
1780596236 2
-1526696595 2
-2098641702 16
462351757 16
-1761813093 16
-413180658 2
1393687666 8
1666575143 2
-2125804817 16
-1276257823 8
-1321431645 2
-1832062804 8
-1938798552 2
552520473 8
-27052346 16
1647390109 16
-562912776 8
-715600896 8
585036730 16
-711732265 16
902870089 8
-572227140 8
1120366423 2
-420223445 8
-1994451655 16
1900264991 8
-1319079937 2
14825876 2
-1925200082 2
-1404437565 2
-1900130991 16
1999183292 16
208965680 8
1381296103 8
-1290004651 8
-1243546513 2
-1399015402 2
1793568058 8
-172545694 2
-1158036965 16
131123429 2
723246632 16
-1167212193 2
-1838056312 16
513441817 2
1734717185 2
1121042640 8
2146671177 8
-1459331534 16
70242397 2
-68544982 8
2143234044 2
-137356135 8
-21614346 16
-1392228015 2
1929005528 8
2117996474 16
1822199148 2
1735095965 16
-736466245 16
-1372918893 2
555210130 2
-1455001288 8
-275793014 2
-676382781 8
139939359 2
-1160746855 2
-179054342 2
31278218 16
1900900700 8
654856544 2
-25347597 2
241119540 8
1585264873 16
-420533127 2
581690424 8
142125473 16
518057639 2
2046750813 8
-360198481 16
-1867825332 16
-563060513 8
-445193562 2
1717913406 16
-402439687 16
2138226297 16
607539225 2
-1425034 8
400734339 16
-419805390 16
2074525571 8
-227327435 2
-2066051520 8
-2091647841 8
-1733501540 16
898033951 16
-754347475 16
664986040 2
-368127950 16
304091841 8
1166264209 2
-1674685100 16
-1146936998 16
-784820960 8
-1088287038 16
249576980 16
1451911595 16
2061422209 16
1562667290 8
-651718926 16
-1405199522 8
-1540369796 2
-462493059 8
-1772387635 8
-741961339 16
1197463802 16
-1966234907 2
-1365592189 8
128530294 8
-1397044533 16
165266939 16
1362703287 8
-404439662 8
-86785873 8
2039409626 16
-711176729 16
-1883587736 8
-774337273 8
-1308158423 8
1877360750 16
360171902 8
421110204 16
-570726636 2
1788653718 16
-1802141895 2
439168844 16
766469710 8
-1592103059 8
1045784576 16
-1483912874 8
-1558275452 16
1088129734 16
-788280159 8
-898864560 16
926980856 2
1629152854 8
-964442539 16
1656046445 8
-186437566 16
1407141738 8
748431791 2
1041104411 2
-153343315 8
-2059807919 8
307802212 8
-1182287428 2
-1803104177 2
-1068441908 8
-2091496538 16
-339625815 8
505880562 8
-1846235106 2
888646789 8
-731149281 16
1897328712 2
-1196462106 16
-1285376522 8
-1161898114 2
-1029269041 2
-212375889 16
848699603 8
-1306717991 16
-1630873108 16
1165957592 16
-1902863246 8
808110688 2
-901420184 16
116615660 2
221582932 2
1223715197 8
1142536351 2
-715761308 2
2071225722 8
-237334082 16
-100244310 16
-621125032 16
-305571474 16
670690309 16
-27561849 8
-1024894 2
493114514 16
-1936774548 2
668958643 8
1762174980 8
-595181751 2
1895553427 2
1381657290 16
641963902 16
168544684 2
634159377 2
-616427626 2
-1833487311 8
115196977 8
-1764591691 2
-606389883 2
2145901080 16
-2138214900 16
-838285962 2
-1056760912 16
-657809999 16
207059458 2
188093132 8
-1094461161 2
1459345881 16
-1318508776 2
1009759766 8
1511632997 2
2000326145 2
1607898532 16
57864069 2
59997680 16
-747864724 2
-1079143483 2
-1214019923 2
1089107001 16
-114248367 16
150961079 2
-1567581582 16
493625098 16
43685798 8
2030714542 8
-1965624263 2
-131279514 2
2078995728 8
1008336276 16
1592449871 8
-16570695 2
-1241874235 16
1355597656 16
-650917905 16
1352867952 2
1180007835 2
-903388618 8
1530103381 16
512520150 2
-293764892 16
968721678 16
-1066852807 8
169147642 2
1139017401 8
-408073263 2
-206035046 2
-1193777919 8
945852719 8
111494867 8
1273221791 8
-537487170 2
-377635518 8
-632038571 16
-1018494917 2
-1579034808 8
552632503 8
281584720 16
-1519588423 16
-856065603 2
1763463846 8
-1261491278 16
-1439515035 16
1635809714 8
-2046942242 16
1482199048 8
312596131 16
-1447663789 2
-652036799 8
-767831199 16
-130672748 16
745587798 8
1966510868 8
932174440 2
414288641 8
269253645 2
505614096 8
846793744 2
-603050842 8
-1323980224 8
944934422 8
256148070 16
262108025 16
-485249782 16
1265569718 8
-1977298521 2
-1257821323 16
2120975839 16
1058665764 2
-1290794393 8
-1184070973 8
902295284 16
-1780117269 8
1349274517 8
2105979871 8
-648802522 2
107198037 16
1792055997 8
1983307294 8
-1376449187 16
877298342 8
-827878791 8
1448117810 2
1315226147 2
-1201604379 2
1038347518 2
682892996 8
-1515048080 2
-1957358931 2
528158078 2
99729899 8
-305168577 2
-47074337 2
-40304197 8
-740675122 2
559943755 16
1054109283 16
1603590390 16
1869599308 8
904256386 8
1512982080 2
-100668047 2
678296816 8
1425813540 16
1918093771 2
307348252 2
1985532084 8
1709051435 2
572254676 2
1950973924 8
696762287 2
1458936213 16
47182750 8
708513338 8
-331520052 16
-1169032765 16
396791551 2
1939608124 16
1789540876 16
-670982571 2
-1460546842 16
1657904340 8
1381745692 8
-519940717 16
817529395 8
-350924691 8
-854186017 2
1171150973 2
1355749166 2
579125516 8
-211130847 2
-823519920 8
2127097678 8
-568352247 16
1536574199 8
1981658271 2
87879830 8
-1349848649 2
-1911707391 16
-996486067 8
-997023928 8
-1372940700 2
-945874063 2
2115574817 2
-1862026154 8
-767620389 16
110277673 16
-1638266468 2
-1992028935 16
1502602103 2
-511291351 16
-1551208858 16
901135061 8
1254501677 16
543370544 2
1585305055 2
1901981365 8
-109866041 16
-200135793 16
-1655222130 2
1875642936 16
-51250594 2
1230091151 2
1457673096 8
213461248 2
-11901785 2
984425424 8
1559170286 8
414262314 8
-2091002338 2
-1847318622 2
1497715185 8
-569032513 2
660916207 2
-52072300 8
554701535 2
294654662 16
839254500 8
1828746283 16
-484339681 8
1814832786 8
-1592143975 16
2022527258 8
1181411954 2
-178092012 16
-1248578569 8
912813910 16
957691963 16
-1588647420 2
-1468053915 2
-380236017 2
-527771793 8
-1475344960 8
-213496005 8
-2007808973 8
-645289282 16
-217047863 8
-272188440 16
-794967313 2
-599834978 8
-641027127 2
-1784005222 8
-330316796 8
-425839393 2
1835618045 8
-1407088821 8
-45374339 16
-758855234 8
-399294452 2
-1777786441 16
557718621 2
-773875358 8
-2094528615 8
-795129404 2
-105984256 2
2091702246 16
169560949 8
461777332 2
-1940216697 16
-706825044 2
-1072418978 2
-917071018 8
-794537959 16
881435183 16
415642585 16
1055797137 8
1081331107 2
-373172172 2
977379812 2
-1158497836 16
-888161279 8
1623351634 2
-1621385492 8
28787015 16
192420240 8
-1948369280 2
2057216781 16
-1506877474 8
-363759177 8
1194755269 16
339546834 2
-351486498 16
156553129 16
1840649963 2
162486812 8
-1475981738 16
-140891929 16
762465532 2
-1966208370 8
-1107291514 8
-1849519634 2
1050947204 8
121961923 2
-1989195383 2
895685342 8
-712977168 16
1545157231 16
1331694128 2
-1736665627 16
58427848 8
502729294 2
1764367713 2
1349984807 2
832975864 16
624189435 8
-2079812215 16
758003587 16
-2044806566 16
1191797387 2
-1347243075 16
389381184 2
76735899 8
-8042211 2
-316363586 8
552233802 16
-769318601 8
-1329095693 16
-562042090 16
-420085087 16
1028788816 2
-1806698914 2
1696916941 8
2061632532 2
-812273079 16
2016331981 2
1281969702 8
-1777562380 16
-79649249 8
1701642947 8
-161555750 16
-1867415839 2
-1204733827 8
167189522 8
1610913870 2
954072606 2
-1291900769 8
1093342135 16
-1534628711 8
-2007430243 8
-183530302 8
220510073 16
658128066 2
976820211 8
-642059671 2
-1793353704 8
-565536498 16
-1929929625 16
-1440049698 16
-1153182673 16
1004885424 8
1978597608 8
1254403708 16
-1013753514 2
-765056871 2
-1094570239 2
1386740980 2
-815398731 2
-1361378497 2
1854409206 8
-2087602950 16
-533888532 8
3298593 16
-1170890639 8
-995734381 16
1405560857 8
1655078465 2
1776420895 8
1526427934 16
978742782 2
-358242395 2
-614534129 2
-1656038511 8
706919280 8
-798954467 8
-1454232250 2
1380191318 16
1476321724 16
-1971944987 16
2074847437 8
-2006748688 8
77583337 2
985003033 16
1769336540 8
1576180127 16
-839112126 2
836313229 2
1433851945 8
-1536652027 8
-194500420 2
1354513426 8
-1043603808 2
-687379433 16
539797032 2
-293953595 8
1610367637 8
606165458 2
-1298316893 2
-2009411387 16
68326493 2
176614361 8
-458537299 8
1859820680 16
-1331743155 2
1552010971 16
95597690 8
-17093607 8
-1032361860 8
-654722105 8
-431397922 2
1726865856 2
-114847173 16
-674037185 16
1126491665 8
139395066 16
1224956024 2
-1780302863 8
-1905127734 2
1131930721 8
1412908477 8
-1503988540 8
278069635 2
1083766323 16
1720261956 2
-503263817 8
1759152362 2
1267381030 8
-404003261 2
-21138832 16
-206103253 8
-489946387 8
-407019283 8
-313134649 2
-1644579987 2
126675875 2
-646897481 8
-700687151 16
-343932470 16
1905993546 16
-2109038994 8
2054111296 8
369441090 8
-391361639 8
-1376488011 2
597571564 16
747645791 8
-1334618399 2
1197685753 8
1041518667 16
1514304231 2
769625487 8
480494502 16
43199413 2
-1173948157 8
-565626651 16
101673573 8
-6302310 16
1037862500 2
1409791329 2
-1341421181 8
-767580518 16
-459720486 8
-940123921 16
797690602 8
-50893751 2
1237610402 16
-788031341 8
-849451618 16
1576698571 2
-1908486990 2
-443330514 16
1719532281 16
-93869632 2
-917417869 16
-475954883 2
1869203519 8
-479119509 8
-182256715 8
1805133545 2
-1704731920 2
925720458 16
-677151872 8
341611682 2
50547714 16
755321156 8
1816751328 16
-1321383120 2
-1489556114 2
-286908746 16
-574528874 16
-1392093415 8
-892999730 2
1865190083 8
-1981857831 2
2021559655 8
1271482397 8
-70451371 8
-186147591 16
1900528926 2
-1833612270 16
-1893039060 16
-2021640738 8
1560665032 2
-2078296583 2
1942828013 8
1247122176 8
-513119129 2
463722178 8
-217635684 16
-1156121972 16
594627884 8
-659079713 16
-140909860 8
-1470933810 8
-932473367 2
-1010390362 2
1828641535 16
-718594379 2
1396226743 2
-1485315740 16
584162979 8
1045300704 2
2065625 16
-903903390 8
1247313102 16
-1587014718 8
-99067232 2
1616580825 2
1327036519 16
-1614791310 16
-1947928940 16
-351117977 2
1168658926 2
-522114440 2
-2114761005 8
-393184152 16
-1102064844 2
1133267813 8
134368912 2
-2009821243 16
1215057790 2
-344192454 8
-664697912 16
-1584473715 8
-225688759 8
2029940544 2
89650001 2
-992929563 16
1518529068 2
566845433 2
1622260655 2
722722375 8
-1625027033 16
380534855 16
-1302466933 2
1771210819 2
-754928210 16
-1598970263 2
931159521 16
-177440863 2
576696184 8
-1758196627 16
804268139 16
903351197 8
-1230783255 16
1256704580 2
1370407128 2
2087599831 16
630750383 8
149101808 16
-1864889690 2
-46160183 2
-890843643 8
-1693147229 2
-176196964 16
-1229501762 8
1634506461 16
-524460838 2
1142593852 8
1681603219 8
-1219019876 2
-1379969601 16
-1970451780 2
717463829 2
-333501489 8
-1105245480 16
1533125688 8
-682978712 8
2017233985 8
2141944363 16
-1368829207 16
1971680088 2
-1324576993 2
-992232144 16
-1771383700 2
-1890639109 2
359345264 16
739752986 16
1894012332 16
1977840983 16
436146228 8
-121428549 8
-579015466 2
1076224507 8
279308798 2
-174711625 2
-866487668 16
663569711 8
-1597460149 16
-1896154979 16
-102080094 16
38717476 8
1261815633 16
-1272718318 2
-1206821384 16
1869774279 16
-1566116896 8
-436107610 16
598368417 2
1408951209 16
481064528 16
-209661853 8
-2060899955 16
-351725624 16
1073314558 8
-558732311 8
76776884 2
1073614509 16
1953222709 16
-845797667 2
-558481023 2
479682245 2
1173898613 16
-1512346443 16
-1189316161 2
-722138582 16
-1199183220 16
1369802669 8
-2061140293 2
-1357595637 8
1638518074 16
1602300724 16
-1600352523 16
1438204652 2
538180588 16
-1255988765 2
1091041954 2
660787796 2
-2085267385 16
-312207922 2
1978635708 2
-614566466 8
-896845839 8
1405308887 2
-1119337757 8
-1212265381 16
2018511102 8
-2004276834 2
160112672 8
2098809472 16
-1672592258 16
2117098582 8
-447322453 16
-1964178145 8
-456042961 8
-2137727024 2
-1512254851 2
367836363 2
1386872892 2
-7920857 8
1725920229 2
-981503986 2
1539922909 2
171306015 8
-700042367 8
-1223075388 16
-1176147627 8
1362186936 16
-1577980548 2
-850862875 8
-1374087550 2
-1515965784 2
1861603104 16
2008901982 16
1526735366 16
1102876861 2
1544699097 8
2027898880 8
502050651 8
-697054446 8
435546283 2
-723499886 8
-1613344245 2
-130518924 2
-1046150775 8
850080604 2
-1115064394 16
-834042470 16
-923093391 8
1228359791 2
-431264055 2
698031556 2
-426669176 16
-1016337439 2
-213283916 16
-790840268 16
-1120558676 2
-1650232197 8
164543830 16
-1661586761 16
-1502463481 8
329088759 2
-1974847514 8
-571015985 16
-344816483 16
1870966316 8
451603165 8
-1340393875 8
-1530938983 8
-159960985 8
-800290187 8
-558160868 8
-1255193651 2
624506106 16
387664301 2
-1271941841 8
308446051 16
14646079 16
733279485 16
-366845880 2
2132037459 8
-1634391579 8
1340521019 8
-279125319 2
-2029115408 8
-131212729 2
-382201993 16
-1844662231 8
-609496877 8
102226159 16
-488087989 2
1698732496 2
-1720388334 8
-234356895 16
681153955 16
811817182 2
-1571559006 16
-7126784 8
-1680306802 2
-382426545 16
513733048 16
-1292378747 8
1604978710 8
199659513 8
2015650862 16
1007656957 16
1609983070 2
-227590714 2
1903406922 2
-592487151 16
-137717672 2
-1882207441 8
-2125318000 8
-1037261101 8
-642206171 16
-1672642520 2
1757231892 2
-1047468501 2
-1350713448 8
2026492622 16
-300554694 8
1528916178 2
-1748827699 16
-1935255791 2
-292531634 8
-1144592773 2
-1165394236 8
-1254680951 8
221869862 2
-1480638628 16
1528590494 2
818072101 8
-35726853 16
568739204 2
-439027596 8
-477320798 2
-1114930638 16
408233447 2
-1799061503 2
-1164638789 16
-1085523609 16
1524237959 8
-1874688774 16
660379288 2
-838792966 16
-1174221021 16
-1803650493 8
-1530980952 2
-1870568586 8
-1968877190 16
-1072992761 2
1434565939 8
2007185612 16
-615439335 2
-1928787488 8
-1227292521 8
792223583 8
81398993 16
-120935074 2
-1212570516 2
-2006539485 2
-2142544549 16
808272993 8
-883789015 2
-1373474519 2
-1371313191 16
1954496071 16
-1511997701 8
604989738 2
1866584559 2
940293185 2
1153342368 2
1961786125 2
-1847544172 8
1173526159 8
585575484 2
-1175993560 2
2073494265 16
-2044238025 8
894776159 16
-447291028 8
-148275570 8
1884419811 8
-1542094090 8
-748907118 16
-1036360318 16
-2049227609 16
-1576491142 16
-15063564 8
-619336008 8
-1302162810 8
-190310684 16
-1689309524 2
1173758459 8
-1814875941 16
1605001451 16
1531240461 8
1695848932 8
-1819803363 16
-1569938837 8
836491900 8
-2069019017 16
47013303 2
-1039098597 2
1825018908 2
-1700000364 2
-312899751 8
-620488533 16
-1227156458 2
-334987020 8
-2009820461 2
-860532497 16
-1177882592 8
2032993704 2
-202098223 16
360454251 16
-533044051 8
1399875823 2
-1991237196 16
-620286802 16
356310518 2
929910960 16
1356324883 16
824285959 8
-726555260 2
-1022389111 8
-273747296 16
1452495565 8
2021514673 8
309001032 8
326078273 8
405046107 16
1825972493 2
1021799359 16
1866272509 16
59336258 2
991859546 2
772613518 8
1869375391 2
-107130209 8
-995051808 16
-1320096462 16
756328088 16
2133232982 8
-1388350682 16
-647784675 8
424314684 2
-520630691 2
-621440702 2
-383058133 2
-92830161 2
-891146486 8
233256538 8
-2114884784 8
-461990153 8
176571139 16
1179503494 16
568755167 8
-817371040 8
-826448103 8
1302870556 2
-2005891140 8
-1264727872 16
-374764604 8
-1236504789 8
1072953667 16
-566046247 8
1461016641 2
-424874240 16
847164823 2
-784239578 16
-1168130461 2
-359466793 16
-494361546 8
1638622937 16
-1623431140 16
1337302092 16
-1148775874 8
384117167 8
1998202887 8
305651382 16
1653077136 2
36366207 2
-805338764 16
-2080951158 2
-989226609 2
-625283132 2
-459192185 16
-1363039518 16
2062012797 2
935956439 2
897583834 8
-1480288869 16
727444021 2
-1932003466 16
111707633 8
-389491325 16
1879840556 8
899128416 16
-1248611514 8
401749815 2
325738345 16
-117100021 8
-125512072 8
413668926 2
1605188150 16
-890283061 16
-531116218 2
1127162726 16
2088519586 8
-1028902537 16
804107228 8
579377315 2
-970034440 2
-350640455 2
2136057525 2
1819503661 8
-2122771739 8
670191818 8
1816190922 8
-1063656417 8
-2115678891 16
281909288 2
-1593838764 2
-275722687 2
1169634435 2
-650815053 2
-965557302 8
39141360 16
323369311 8
-1264390443 2
-723269236 2
-341487286 2
1087311093 8
2071595864 2
-1008755583 8
401966189 8
1073371327 16
-1069992203 8
-1984585414 8
2117550972 8
-949212595 16
217623988 16
-334831734 16
279373539 2
780631503 8
-748823419 2
-256864929 16
-1916504967 2
-1713485491 8
713562365 2
1021786923 2
842937488 2
-909431240 8
-1308860649 16
1445467876 16
-1495043320 16
1271376635 16
-877779989 8
43181233 2
-2110921251 2
-1617179989 16
-1109794178 8
1083403105 8
-2026617094 8
2079910094 16
685656754 8
-2035252740 8
-1517822241 8
1404149313 2
289025618 8
2009365542 8
1794423825 16
892383348 16
1441375307 16
178307275 2
2046879797 2
89106387 2
1531565489 2
-1413357673 2
-1467439621 16
1398329162 2
-265385447 2
1278000908 2
1579449194 2
-146120370 16
-1059716929 2
363274994 2
-1820482257 8
-674662259 2
712419806 8
608557751 8
1541563300 16
-1044932879 2
1124416159 16
-529001212 8
1297051054 2
1159787360 8
-1627181457 2
-1781227641 16
400591883 8
-722168843 8
-506230738 8
-412741450 16
-392519447 8
453387452 8
124277700 16
1893941454 8
-2123532199 2
-1028898956 8
944765418 8
-706660487 8
1427406455 8
995525858 2
-1724933984 2
1118811273 8
1540696064 2
-1960984755 2
-1450999411 2
1483582450 8
1142541076 8
188499201 2
-1748199360 2
1604365012 2
-1166168830 2
1815630915 2
709003184 16
-56780004 16
-1406356796 8
623866919 8
1868736199 16
1269261513 16
-137057194 2
1986264795 16
-1969052813 8
-1722285173 2
-356974462 8
985057490 16
-684034591 16
319873727 16
1205289885 8
-495250193 8
-794390786 8
747385542 8
-751683394 16
-166009946 2
1949652843 8
-467250388 2
-1281030512 8
-1467541377 2
-1504170567 16
1118114368 2
-996892373 8
-1010224664 8
-1494701736 8
-986406338 2
-1104663935 16
98388085 8
2068119643 8
1239783485 2
1908170628 16
-1619674481 8
1038379393 2
2072823241 8
-1087684841 2
-1917186464 8
-1926058270 8
214904421 8
47218132 8
1864104793 16
-1916470404 8
1048912477 8
244987178 16
-946841469 8
1321279819 8
720810404 2
-2036344718 2
-1320495551 16
377532056 8
-22054192 2
-227774248 16
-172534609 8
-2011755445 8
-1969019672 2
856721745 16
340734578 2
-1609133768 8
-560078477 8
147946023 16
-81925219 16
-1274793710 8
-1234821786 16
491125994 8
251243454 2
-1169695038 16
-476637243 16
1863504593 2
891657685 8
-282591584 8
334070017 2
168619643 16
-1471199819 8
-2018882914 2
-885019072 16
-1707656581 16
-1615795258 8
339459039 16
447578646 8
464597873 16
-14602978 16
-1798885700 2
1754640976 8
-288626877 2
-367706459 8
726817300 2
-2129744576 8
1130431996 16
881860436 2
1196665263 16
-22768666 16
366961416 2
-1336089974 2
99880067 2
-1113464988 16
715864306 8
2060175253 16
-774589944 16
1203868148 8
-723432882 2
1060954465 8
-2042127536 8
-1856964946 16
256233318 2
-2043272596 16
-1768808546 8
1556317401 2
-1421972560 8
-695005208 8
381662146 2
-1327080891 16
1411534725 2
-2028406298 8
61807497 8
969600412 8
-841111914 8
-1299498931 8
-382374577 8
241897584 16
-1456858398 8
2017414631 2
239255832 8
684123789 16
-2116150651 16
1137938381 16
1326361486 8
-1159617388 16
414744259 2
149809091 8
1297301691 2
532913170 16
226299835 16
-281846674 8
-47164349 8
823819832 8
-136752959 16
-719457723 2
-1778137549 8
-2041349808 16
2101041293 8
15787696 2
1619402206 8
-197918326 2
766251763 2
-1355284020 8
1859529385 8
-244426690 16
-148907365 8
-1222709815 2
-1279487305 8
-764734640 16
-929246380 8
658187867 8
-1944416648 16
43741052 2
-1103013127 16
1988194234 16
-545796592 8
-491900063 16
665007206 8
1904131854 8
-1533666940 16
-1646380202 2
1030026318 8
452879490 16
109525767 8
-763104617 2
544201313 2
-262871243 16
1136098668 2
-126169677 2
275920859 2
1537368163 2
627001384 2
-1468346408 2
-1377967707 8
1750270766 8
675425448 8
-105948803 8
369465669 2
-900183737 2
-1110487843 2
1939710627 8
-757019936 8
317513913 8
400220111 16
1097044715 16
2018615782 16
-299420989 8
-792864426 2
852965937 8
-14706785 2
759318782 16
-2134995822 8
854242820 2
918980925 8
-1013112119 16
748567691 2
-626819535 16
-291632311 2
429988228 2
-2104932332 2
228510718 16
400180663 16
-1269904988 2
752153455 16
-1102145081 2
-1253529699 2
-2097090583 16
639450768 16
-728591782 16
1236412057 2
-1775267203 8
132277521 16
-312523470 16
1579981416 8
-1335774811 8
-217052647 2
-1091048928 16
48685430 16
-995813578 8
-1650593274 2
678020283 8
916801909 2
1374785304 16
2126879553 8
-1031204996 16
-2142864655 8
-1411824862 16
-433049597 8
-1540360264 2
-14145453 2
197192985 16
-370344601 16
403797859 2
-973281226 8
-1421024663 16
-720769414 16
442355192 2
170789261 2
1066049876 8
-1227914771 8
-1288308044 8
2091295018 2
639303515 16
1572824930 2
-1010298655 16
1952629688 8
671840053 2
446601118 16
182795230 2
1622548963 8
1395255905 16
1558674412 8
925679688 8
1314719937 2
-1033047303 8
801871768 2
241174633 8
104357514 2
-1618013663 8
762163090 16
612548457 16
-1671621872 8
391130043 2
-331145972 8
-2070284406 2
-1570768048 16
-1968243161 8
1724609220 2
-667060773 16
-252691091 8
1579433876 16
-700735208 2
-1644536910 16
-1201409793 16
-1168839571 16
771929417 2
556350930 2
1466262348 2
306592787 2
1616798648 2
564043419 16
-557340425 8
15739067 16
2090945455 8
-670376498 16
1465079051 8
-84230541 16
552456891 8
369821890 2
125508107 16
-1130205752 8
-1683221139 8
2060015250 16
506204161 16
2067507818 2
-34217156 8
-914549545 8
268886794 16
-1186386354 16
-2114542646 16
1412450216 16
-1326527943 8
1098050168 16
1228647948 2
675999339 8
2080181697 2
1178557208 2
-1707492861 2
1144307218 8
-299736639 8
-483633755 16
-2112720850 8
-286700090 2
-342738590 16
-67595048 16
1251494484 16
-1894051540 2
1230763604 2
1751634951 16
636934016 8
957494917 8
-905610993 2
-2046804193 16
598843110 8
-1966012164 8
183948434 16
754418296 2
-244089546 8
-637600645 8
1645048566 16
618865969 16
-1454448145 16
-297160812 8
-1545405151 2
386704905 2
-283972254 8
-571633978 8
-965590674 2
628589516 16
1601224145 16
1969451009 16
-542890322 8
-557581404 16
-309613562 16
-834080396 2
-522558876 8
-1330808726 2
-882606293 16
-1294504611 8
1584799951 8
1558984929 16
1551994751 8
-1743411070 8
-967645135 16
-379476313 2
1673905368 8
-952332125 16
-509023784 2
33420057 2
-132769564 8
569274522 8
682396079 2
931032301 2
747706260 16
-662666341 16
901159571 2
-38597919 16
902641077 2
15253200 8
379313637 2
312710338 16
123976081 2
-1998173362 16
-1497595848 2
1695290506 8
1236596474 2
-46832171 16
619386586 16
2142126531 16
1663885817 16
1961509682 16
639817204 16
-461867718 16
500989940 2
-657182211 16
-515610781 16
256804099 2
-944154819 2
1171007025 8
-2144935238 8
653123066 8
419526459 2
-819937005 2
1321434681 2
1357929459 16
-539053996 16
-194869331 2
1796983127 2
-1715081068 16
1030271991 8
-127096209 2
-1106785665 2
-651364566 8
-582750363 16
1761011995 16
-2105417663 2
-1298409184 2
-1918325022 16
1942047240 2
-119245573 8
-959091877 2
1997140875 8
-203309115 16
1575880215 16
418529598 2
-1942925674 8
-834071800 2
1667518831 16
-2100200124 2
-539334359 8
-387355282 2
1045073997 2
431385821 16
731861935 8
861631402 8
1054105670 2
-362188328 8
456107766 2
1504958069 8
-303659384 8
1628616319 16
-521777740 2
1112288514 2
1272430060 8
1040889352 2
-2033452210 8
1053459844 2
1281622890 8
-259554595 16
1608235233 16
1027402832 16
445332517 2
1431723718 8
334150069 8
70725595 2
1052702882 8
-728114014 8
2043921822 2
960587129 2
-2108293358 16
998330521 2
-237181418 8
-574205060 8
683110624 16
-1105581028 2
1405499054 2
358227907 2
-165559893 8
551828033 2
-1095095368 16
1138442999 8
1897797746 16
-1303964328 8
-1816134085 8
-1546601321 2
79264387 16
-1536516102 2
1133269022 2
-1983634702 16
1922097083 8
-653726480 8
-1991068609 8
-360408282 2
1637891601 8
857962666 16
-800551871 2
399885188 16
1042550733 8
-26525241 16
-1876935384 2
-2045756721 16
-1327688791 2
-1836247888 16
576285650 8
-2120094251 2
-411540462 2
1890963707 8
-2098288905 8
-1675692387 2
1200528415 2
22098106 16
-2073071228 8
-2106463069 16
1079835663 16
-651499829 2
-1552105663 2
1271855605 16
1848594162 2
140251897 16
-1380432103 2
419550010 8
-1046891128 8
210633753 16
796062812 2
-935708648 8
849371015 2
2072009392 8
1377697284 2
1854115575 2
77571756 8
1632971162 2
-1725162265 2
-1564298810 8
-304792224 2
-1089865913 16
251244027 2
-472041711 8
647538906 16
386920314 8
1161474085 16
-1838859024 8
-137622686 2
941041460 2
-79104007 16
1986481677 16
546260791 16
1702533926 8
-1702499891 8
387546409 8
-1609749435 8
1256859638 2
825477404 16
-1135116982 16
-1897294794 8
319267521 16
-453304391 2
1867282443 8
-292662555 8
-254932262 8
-1359414523 2
1796195487 8
247091398 2
2134006086 8
-1097122382 16
-440695215 2
-1697088055 2
-653947901 2
-2117854282 16
1946921550 8
-2128626495 16
-1895599893 16
-2064608322 2
13435603 16
1577596058 2
-1477754833 2
-988715499 8
794600027 2
-1840735196 2
175975307 2
-1279054957 8
-1237480163 8
855790857 8
516368281 16
-549185634 16
-1375275609 2
-775292830 2
1736932698 8
-579811890 2
1078873176 16
-1164932198 2
572420402 8
-1890994599 8
1135931097 16
1596831241 8
-1348084794 16
-244702794 2
1507542499 16
1384188375 2
-2108699938 8
1657529032 16
-1024371490 2
-1463823436 16
-61678433 16
571543059 16
-1618886773 8
-2103972199 8
-287625434 8
-65028208 16
847588547 2
-1091634299 16
-1455784475 8
-2117598369 2
-1057828507 8
-603948010 16
947137944 8
-1853528959 16
-922064583 2
940912727 2
1436876814 2
-1777405743 8
361897520 2
-993521027 8
734391935 8
-1904007113 8
1589326759 2
-1370714990 16
1606987294 8
-2123312097 16
706711307 2
433279625 8
-1291280719 16
-1117621076 8
-1219636754 2
-644928723 8
92371499 8
-1947360018 2
905556790 16
1383496590 8
-1385539052 8
-158426377 16
-335383520 16
-940630638 8
-2145425334 8
-1139863126 8
1189940553 2
1453073214 2
-551841581 16
1515479474 16
1847713418 2
1967256709 16
543188552 2
572140664 8
1799557693 16
-80818006 16
1955178259 16
2112874658 8
-1531148476 2
498231425 2
-541288513 2
-1914436611 16
-37811390 16
1885685668 16
-632564356 16
528671830 16
511266785 8
1330296461 2
1193569072 16
1118361661 2
-613157991 16
596690590 16
-2077518514 16
-1848048439 2
-824197850 8
-645980159 16
1502136072 16
-660059201 2
135601904 16
-1490138109 8
1776279657 2
197326759 16
-1128894763 8
1041522673 8
-470989704 2
1043814734 2
-1761003301 2
-833205292 8
445742370 16
-361643693 2
-1547533767 2
189964460 8
1239901155 8
-1086531530 16
-471144195 2
-1218674479 2
-970013491 2
-829458971 16
-1321122891 2
676754508 2
-1874105885 2
-682434413 2
-212642565 16
1274660934 16
-1552292470 8
-608388869 8
-1800716579 8
-1320105007 16
-1063090884 16
-940022330 8
2070203141 2
56547625 8
7147927 8
-1181967499 8
-1092363136 16
-38788164 8
121075494 2
-1596640391 8
1651331513 8
-208801337 16
-672464153 2
1144767906 16
-2042674494 8
-800612272 2
763500965 2
346055359 2
-138073804 8
-1494681641 8
-719032049 8
-429562582 2
304368789 2
-1026569212 16
-1954901399 16
-104807196 16
315311854 2
159967977 8
-977111464 8
-1433522623 2
-2061240987 16
-1560866858 2
547179000 16
1462771622 16
-1206018081 2
-1062002094 8
-112524413 2
907192186 8
-1468125949 8
-608673476 16
-1052997127 8
1960513846 16
-2007804623 16
1419767784 2
17748347 2
-1588269641 2
-1160997732 2
-760148780 16
-1662837613 2
-759750984 2
-1747615288 2
1467632069 8
-491754501 16
-1921590647 8
-309868301 2
-1179775932 2
1276760207 2
-556171701 16
-1689981086 8
-1935552107 8
-334907529 8
242531961 2
-717875066 2
459453063 2
-720328264 16
1578588259 2
-299273444 16
2108014194 2
1402841310 8
-733405774 8
243347333 2
824259381 8
-608934440 8
-1268605664 8
1979228928 8
1340517290 8
1199821193 16
-1252048691 16
1779791470 8
1844516587 8
26916820 8
1815580983 16
667126167 8
-845583902 8
715193271 16
-2116458793 16
-1065625536 8
-368104372 2
-649868963 16
2067769249 16
-716658140 8
-1864474133 2
-2120565634 16
1295683528 8
-1097571624 16
-474812849 2
-132415485 2
-766395423 2
679315767 8
828658794 8
-918784177 8
1973977122 16
945723278 2
646344346 8
-1675588979 16
-269451550 2
1308934735 2
-1045207328 16
-32794658 8
-90953667 16
-1021455218 8
573218317 8
1615996687 8
-1317985791 16
-100045485 8
-1881617798 2
-1350055092 16
266306739 8
983945376 16
872710291 16
-1806939274 16
-2008652174 16
-1512695306 16
-266124477 16
109504179 2
1322693772 16
2138829693 8
-1062255559 16
-1920749044 8
582517417 16
146868486 8
522608034 2
-698407892 16
-270580482 16
171512126 16
1737419713 16
-1165354610 2
-595782812 8
-942775474 8
-1993940496 2
-26521746 2
1020122015 8
140336002 2
-1409859708 16
1224755936 16
1506068918 2
1521803202 2
-436180035 2
1898402544 2
-175088279 8
1774882325 16
-1930612352 2
-1171245495 8
-236004727 16
951995835 16
-1967865380 2
300657249 2
1608042888 16
580112861 16
827391892 16
-1551151725 8
-1755369044 16
-109084567 2
90312964 8
-487637206 2
-1436538411 2
-1113749201 2
-1278950521 16
-217288860 2
-202005047 2
1125995006 8
1046714304 8
-2029876856 16
-87460863 2
701663230 8
1392418910 2
845491056 16
-1143120906 16
1731289342 2
1106785157 16
1284901799 2
663551222 2
-55028243 8
-984852047 16
88015225 8
-73123991 16
-2060978156 2
597273293 16
-1751425627 2
-409605649 8
788695446 16
1649160698 8
1957624722 2
-1285125191 8
1097020771 2
-1460886783 8
1984829941 2
1124617468 8
-1426198214 16
-1957417483 16
172287454 8
193327454 16
-1882481071 16
-612904755 2
1319399284 2
-871466032 16
411002866 16
-1604912615 8
-1684769946 2
-2088210640 8
-1271837001 2
-1873685355 8
332018364 2
-1088913826 8
1969977573 16
996184403 16
1743899589 16
-1139923274 2
581416139 2
1641132117 2
-2009224444 16
-2042056118 16
-81115880 2
1874944133 2
1081637737 2
848516368 16
-856182501 16
-1160593240 2
-867529478 2
-265854300 16
617009199 8
-533889408 8
-541295580 8
1006475636 8
647690523 16
1405496158 8
-1094651987 16
-450780102 8
233019248 2
1476795355 16
225962658 8
-629648250 8
694567241 2
8339942 8
591502197 16
1911228569 2
-349533530 16
1660829433 16
1493563335 16
-44129316 8
866246901 16
-1255120300 16
5533120 2
1929471117 16
1287434239 2
-1785497689 8
-850825528 8
267109195 8
-2016400572 8
-1758887161 2
1850193365 8
-229735250 8
-2032152450 2
650169902 16
-1794601360 16
915411514 2
213080032 16
-1630003114 8
720258750 16
-1882281083 8
1460683532 8
1977788130 8
-1922209440 16
-1403228370 8
-789283140 2
1109813552 16
1066454810 2
1412773335 8
1979122613 8
-1655639794 2
1187169786 8
512554791 2
360323011 2
-1656528720 2
2121581394 16
-1187161424 8
1726560280 16
-1911014142 2
1826411998 8
123511098 2
1842247883 16
637668700 8
-189717152 8
-654732890 8
1923147133 2
-1478558016 16
-1021363590 2
1286158960 8
-1813794571 8
1311368729 2
1209848023 8
-272438242 8
-617596730 2
13402820 2
-925560793 16
1751981568 16
-963594449 8
-2116075215 16
909863250 2
870187284 16
-1913078358 8
1314240730 16
-1607019810 2
997761054 16
-1907736620 8
1598646463 8
-40506141 16
402358939 8
1220622543 2
-1762091490 16
1300765402 2
1025395506 8
1008376092 2
2085245547 2
1415245542 8
-1166780619 8
1945750076 16
-984879479 2
-1877946626 8
-1900307247 2
-412830504 2
1814370525 2
-1154555344 16
1159295039 8
950733345 16
1202008696 8
166456455 2
-991630033 8
-796950453 8
985234518 8
-1522291103 8
98140365 16
1849249929 8
700282204 2
306723161 8
449103539 16
-1390623754 16
-1440531256 2
1952698258 8
-2057860357 2
276669347 8
1560532949 8
-27279000 2
-89624159 2
686570713 2
1992290614 8
-1701600427 8
1856966179 2
700194307 8
-719051168 2
-1395787733 8
919412582 2
-1854177402 16
1198196300 16
1709936892 2
-1317539002 2
753734852 2
-646787825 16
1158740562 16
-1095286028 2
357255434 2
-1952376307 8
1666630835 16
-1404143372 2
-2047446927 16
387697669 16
-1177643094 2
925792445 2
439362593 16
-2126048432 8
-593889219 8
1734898523 2
-1960049288 2
-1246100480 16
493830793 16
787448050 2
-1570851406 16
609358795 8
37841827 8
-854370536 8
-1558557487 8
1316918264 16
-2095523567 8
-45544523 16
625403615 16
-720203251 8
905087780 8
622085619 2
380034001 8
-1998613460 16
2124434873 2
-753859120 2
1858897990 16
1623571060 16
1275331618 2
1962417405 2
2127198178 8
1614774969 8
-736743493 16
-1600669821 8
-1868304123 16
1559094165 2
574765305 2
-1083274327 16
657804705 2
-1046394735 2
-1081575891 8
-7249733 8
-1342515169 2
2057565366 2
388231108 16
1125549314 8
-375696763 16
-760018058 2
-401513612 16
839964894 2
1144491618 8
1845930659 8
80562347 2
964344619 16
-972705900 8
-1190924882 16
-1568188965 2
-342320661 8
1240537499 2
714901932 16
-1236594165 2
-2052926352 8
-2039272012 16
1203012958 8
-182328408 8
-1232112548 8
-2016650663 16
-1931671344 8
1033514178 16
1970353045 2
-2002933943 8
-803043853 8
541139407 8
711544146 8
-152160971 2
-597585214 2
-80987995 8
-1823743808 2
211009056 2
289422271 8
520109055 16
2055222257 2
-1761534157 8
892649269 16
772842153 8
1701163711 16
-1447644959 2
1653437174 2
-2130727422 16
-1859689567 16
1730668722 2
1958130584 2
-1328547982 8
331349826 2
1009304609 2
141203329 16
1721688395 16
2064935190 8
-1821113665 8
600255269 2
-1063575238 8
-1705152873 16
1785833407 16
-1251899642 16
84008091 16
-119354034 2
1715636520 16
-1678615865 8
1311044962 8
-161982653 8
-1367028498 16
1203528576 16
-1283805627 16
-305192023 2
360030937 2
374747276 16
-500600685 8
-1330471699 2
-831692860 8
-306236530 2
-7012220 16
378689391 16
-1465311478 8
-1273397031 8
-1431082828 16
-610986566 2
1806851075 2
-1889816824 8
-65648631 2
966655609 8
-1331867631 16
-1504436967 2
-247851916 16
1195794908 8
1002930140 2
186915340 2
-1472548365 2
-246514259 16
363347526 2
-1361524321 8
-83915439 2
383077904 16
803401641 16
-1282778499 16
698032405 8
1054849961 2
2017889764 2
-237958702 8
-1792554895 8
1815269238 8
-68445168 16
-566504001 8
-686344135 16
-1830583653 2
-672255830 16
-737463967 16
1347764911 16
-648126258 16
-569427942 16
-1122418428 16
-1657433586 2
-255536811 2
63458466 8
1420349441 2
667729620 8
1839110596 16
899029465 2
526733730 2
1864171147 16
-644820452 16
-154013052 2
1490459081 2
-1723408050 8
896256005 8
-1712069507 16
2000453014 2
1344337309 2
-584261193 2
-1134602657 8
-2027676077 8
-894022509 16
1228005731 8
-694024944 16
-73136613 16
-701102870 2
-388319449 8
-853970491 16
1511774845 2
173318233 8
682456804 8
2045856668 16
1407505687 8
-110201001 2
-2108304502 16
1108644495 16
-1983485413 8
1045811450 2
-361614253 16
1012240417 8
468889228 8
-686050705 2
1844910576 8
-266630583 8
284566454 16
1282738353 16
-51456064 2
1461397577 2
-839485528 8
-1869436564 2
-2083381276 2
2101268098 2
-1120663786 16
-32200057 16
1563496753 8
-1922263137 2
1067202124 16
-202933643 16
1631941937 8
-217569946 16
-1872887374 16
401249919 16
-1046100886 2
742428317 16
-1433180892 2
1826436153 8
-164415345 16
1296230535 2
-2090919162 2
497912123 16
-551141399 8
-1492580485 16
-1823543072 2
-2083191014 2
-2068846455 2
1735732252 2
97178699 2
-1649854779 16
-795688012 8
-439363358 8
24938527 16
-552115287 16
1790068877 16
1846613139 8
359018190 8
1168285250 8
-143385076 8
1581486406 2
1130145676 2
-1078551088 2
597586681 2
790374837 2
-578165703 8
-66285080 8
-1223488349 16
-1452400566 2
1017055639 2
1791642510 16
272933835 16
-1948496775 2
781272835 2
-988606541 16
536799350 16
1142921937 8
-1519637620 8
1550150497 2
1662032056 16
1414671860 16
-950148250 16
1855826215 16
-529658739 2
310895650 8
-702789358 2
95859497 2
-72317437 8
-1864089778 2
1532094717 2
1729584710 8
-869383142 8
-692803189 8
-835541717 2
-278725741 16
-1724454999 16
830359395 16
1945841948 16
1167570333 8
-1042556443 16
-1291155256 8
1832449913 2
-1915514409 8
-664756860 2
-239649649 16
660980675 16
628712649 2
-1559194906 8
75134578 2
295115676 16
255191727 16
-706001898 8
812509911 2
-1061450444 2
-1730365094 8
-23761424 8
-774659777 8
1578431542 8
-1415792344 8
-1350088747 2
2078663376 8
-1376367289 8
-1795678097 2
-2067176878 16
-1509399711 2
-962898809 16
-217554328 2
-1453920669 2
1874270318 16
1967654510 2
-1326747600 8
713063211 8
-209095159 8
-1766974817 8
-57398846 2
-605547259 2
845721206 8
-166103109 8
-1102328761 16
-694679432 2
897196595 8
-930628860 2
-603184834 16
-541953350 2
1073971989 16
-701124422 16
1582080939 2
1690288750 16
-2021150622 8
-1612049889 2
-1350831233 16
1426143978 8
11659932 16
-695213018 2
464409546 8
-1856565912 16
365810430 8
427295639 8
-452804803 2
-1291821784 8
-144773129 16
-1957901422 2
-1477513594 2
1556740567 2
290499171 16
-957021372 8
-6085066 2
-837460278 16
631491715 8
-1351437425 2
-844150521 8
-1107087287 16
-1660295538 16
-77832126 2
-17122782 16
1809708977 2
1282759154 8
-1803628555 16
820381322 2
-1622044224 2
-798463836 8
-29276922 16
-206635883 8
676640297 8
210652930 16
189244494 16
-358088247 8
-757604326 8
-1782692673 8
876783791 2
-122032802 2
-535865792 16
1929672593 2
-811725211 8
1684009945 2
1717274913 16
706470048 8
-1335216186 2
-1269920579 16
1654833052 16
-1201356858 2
1451333694 2
-1536833490 16
2033892208 2
786383434 2
1499696848 16
-746412377 16
-2120141503 2
1931615039 8
-886723154 16
-1316845515 16
1418214591 8
-2109592255 8
772844549 16
-1560580420 16
-1088564394 16
-1091731650 16
-1106535339 16
1434957766 2
2106103624 2
-1217682672 2
135481109 16
1005137401 8
-747711640 2
532081646 16
1659191767 8
-767282746 8
1991136818 16
-1091862380 8
1566813010 8
1419558453 8
-1376801148 2
1252906036 2
724826511 16
652740300 16
1881159252 16
-1716598691 16
-249424462 8
-1090270882 2
545393155 16
1404796088 8
1288073682 2
67007892 8
-315450789 16
433865000 2
-590603207 8
-2083173174 2
324121709 16
891173647 2
-298305708 2
539668625 16
1179500228 2
-1682364713 16
-192096012 2
1873898373 8
765878546 8
1813782917 8
967838805 8
1591195415 2
1814950483 8
414891955 2
-1749824512 8
1361102381 8
-566383956 8
2113339243 2
1643442485 8
688080690 8
-1230012001 2
819150283 2
-406634479 2
-1596791903 2
-776304234 2
1236705246 16
212536794 8
1925520117 8
2022664672 2
1597789268 2
-514534407 16
1161737574 2
654943969 2
1594832213 2
1135333090 2
-883698388 2
-1382422944 2
-393766303 8
-1962142053 16
38017674 2
329525935 2
2014178784 16
-33640941 8
586456296 8
238477455 8
1140292495 16
-1925435280 16
-827592085 8
1167977793 2
-469137184 2
-899332797 8
-444014930 8
-168431520 2
-1355803604 8
-141270275 8
512483472 16
-1193464085 2
1800980594 16
917316428 8
-1020366291 2
-142453331 16
1352880073 2
226120867 2
-895269974 16
-1850044439 16
-2118687089 2
-1297804852 16
-225030044 8
-686400229 16
-47544688 16
-1354784283 2
-296512511 8
-402457076 16
-1651530253 16
-735811253 2
-655928465 16
1458394139 2
-426547893 2
-2021113013 2
-761137379 16
1144895186 2
-150132418 16
812706121 2
-1609209784 16
-1364171515 2
178364077 16
66021271 16
-470638474 16
-1715679173 8
2022263231 8
-1275815764 2
-1393106110 8
141928172 2
-257912952 16
158012585 8
-1794455027 16
-47154645 2
-2104062994 2
-1684513114 2
-1259701836 16
1837261836 8
747965558 8
-2020121326 8
-901216833 2
-1731732529 2
389443975 16
1323268613 16
374713033 2
1111378780 2
876833843 16
1740290166 16
-1122252881 2
653200422 2
1923768265 8
1574610852 16
545167922 16
1020829203 16
916235826 2
156228225 16
-482438807 2
-1039106402 2
-1753953479 16
1635103399 2
957901155 8
-313215731 2
302862636 16
-1631082746 8
1081261145 8
-1110116494 2
235245113 8
18237321 2
-378499843 16
1952915104 8
317060819 8
-1944273575 2
1992312850 16
-783755622 2
-502472130 16
-1269173488 16
-344486688 8
-313320232 2
-943481041 2
1286559305 16
-1454922477 2
695108455 16
-1993499942 8
-2031477852 2
644974781 2
938304645 2
-967812817 16
-1080618623 16
1792273703 8
-52163198 2
-854923938 8
1852378940 8
-2108750526 16
-95827746 2
1883794802 8
-1294237850 2
89351605 2
-102968058 8
-279367846 2
-2078121366 16
-1191694484 8
-2135997440 8
575310149 16
1102242452 2
-143940120 2
-552830281 2
-1234392359 16
-14970516 8
1542542825 8
-741034607 16
-1268298057 16
533176251 2
-1070911815 8
-973836372 2
698758981 2
-1226777159 16
1058718972 8
-6216097 8
-195503126 8
-1860799523 2
1184251838 2
-1994361608 2
-83535144 2
-1716109178 16
-2049622651 8
455867779 2
1377874641 2
260348927 16
-493322551 2
-1286691356 16
-719745627 8
-1088727541 8
1304743334 2
1029825893 16
2107382653 2
-425399801 2
-2013888616 2
277570644 16
1875889320 16
494676911 16
258732995 2
434649033 16
1557912410 16
1489592075 16
1076077063 8
1157131226 16
-2031506129 2
-222457441 2
1459985723 16
-667987866 16
1935161701 8
-1649346169 8
-1658624774 16
984213893 2
584407640 16
-1590238211 16
2059212493 16
-2141678555 8
92616427 2
-703291463 8
1019577769 2
-1448959139 8
-282606300 2
799927166 16
-840695585 16
-1934985987 8
-1756594515 2
-744053549 16
-1025748382 16
1142985795 2
522146943 8
1168973219 8
-446368651 16
76496781 16
-1712228901 8
1011515291 2
-991518624 8
1361677656 8
881494262 8
-1191880087 2
1695976580 16
752004317 16
-39817822 8
596905443 16
1436753255 2
1412211085 2
115727734 16
1945015059 8
-1796730919 8
810027409 16
-1740814440 2
-154004421 16
-1237697497 8
-874242708 8
-908612950 16
-1770049471 8
1164118086 16
-1835161989 2
-875934021 2
-87694297 2
-1395668690 2
-469305112 2
-735600802 2
1198901221 16
1892700695 16
771582478 8
1854045364 16
2013967325 2
-1792757211 16
704792350 16
1671806215 2
74086892 8
-1166710999 16
-1260284075 16
-1808584708 2
-764507123 2
-219532425 16
1637435322 16
-630346943 8
-1333893787 2
-1675574312 16
1820749240 2
2057068559 16
-1814595045 16
1781519281 2
1083786402 2
-952711535 8
-428664697 8
-1960313890 16
-1862502857 8
351778259 16
-1955884483 16
-647661118 8
748884325 2
1858972062 2
357850311 2
-147590051 16
647684235 2
-2057678069 2
-840394828 16
-647863390 2
1132513690 8
316311610 8
560730306 16
-1893083385 2
957158600 16
-1126203635 2
-653259090 2
-582083911 2
1595076737 2
-73743303 16
1699934133 16
-2014176504 8
-675628454 16
526881005 16
2030884052 2
1050079672 8
115622729 8
96652651 8
-1902452720 16
-1096315181 16
-2108640835 2
1923440486 16
-312036666 8
903077883 2
-1396210929 2
-1053909887 2
-1090069847 8
-185500418 2
-1788094981 8
-2065907235 16
706868560 16
1962218486 2
1078319584 16
-1951036726 8
1089878583 2
-1258413645 8
1834641078 16
955943965 8
-170617112 2
1361555129 8
-1709943573 16
-367368591 16
-548104261 2
765436117 2
-1084984036 16
1391432072 8
-670690591 8
-1081649635 8
-138270948 2
231715515 2
-1342269827 2
-534060458 16
-1403239261 2
-1803369018 8
1222333782 2
957844560 2
-1077460924 16
1158800281 16
-959269798 8
-364582137 16
-948804099 2
364869039 16
-195633792 2
-1869615210 16
546277548 8
-472569243 2
1481068085 2
326855261 8
269746963 16
745573055 16
1708017029 16
-957171651 16
-1574030628 2
-1421862149 16
1821461376 2
1718221559 16
1329998454 16
1945385261 16
1884748058 16
1934441587 8
548086516 8
410299210 16
-269798762 2
-53634032 2
686412734 16
-1848937794 2
-1580353283 8
-1223104456 2
-298160534 8
861273898 8
-1976507240 16
-490725617 16
-941730114 2
-2132679001 8
-1711358578 8
106705611 8
352485100 16
464259762 8
-1301219351 8
1682799157 2
-1340216401 16
-629220310 2
-1112901436 16
-803935950 16
1878024883 8
-580389480 16
-888750309 8
2002985110 2
647488697 2
-201234024 2
-346099311 16
1185329272 8
-1877545801 8
1611785433 8
1668015624 2
-1384217832 2
2100584097 16
369968953 8
-1818074626 16
364923213 8
-1286885190 16
-118264255 16
1307773494 8
-1528589086 8
870950925 8
940028276 8
97939114 2
-721545294 2
2082265755 8
1885695477 16
-1301764771 16
556502587 2
-606246795 16
-945879238 2
-1176129833 8
-1758186259 16
-1502653867 8
-2116647924 8
1498182732 16
675376764 2
-1919884817 2
-1733339179 2
1506810611 8
-1102635602 2
1186451959 2
-2087417990 8
-22842328 8
-444613985 8
1880797660 16
-1340523695 16
-920929147 8
1646580966 16
-1941523284 2
-107064676 2
1367964302 16
164119894 2
2038695466 2
-1070042579 8
583367054 16
-336958231 16
-2127008916 8
735740295 8
1256087903 2
276194690 16
1237879731 2
-1557624411 2
1231880776 16
1989504751 2
921406017 16
570600330 2
-1631039653 16
1154704841 2
-1436812364 16
-1189107343 2
-877991629 16
120781122 8
1898173231 2
2109102969 2
579429644 8
233050915 2
1078039890 8
-1458391885 8
-1034584746 8
-662168506 2
-1688649123 16
929550179 2
-262269394 2
1230705466 8
1641053181 8
-2087376830 8
-957059275 8
258137522 2
941413379 16
-420732936 8
-1380425528 2
1812513503 2
-678006671 8
710299269 16
-1866186991 8
54717234 8
-77024668 8
-897041022 16
-674294078 16
1605608281 2
767740119 2
680709502 16
19773453 8
-1949434326 2
2088248622 16
-839213556 16
1405019610 2
800478134 8
1327226097 16
240146767 2
-1441055522 2
-1565192801 16
38462739 8
1070567125 8
1441915103 16
-2055011018 2
924676978 2
428024028 2
-330434627 8
354265261 8
