769
1165834953 8
-2096239439 8
1190833154 16
2119400412 16
319514813 8
1917832059 16
530468784 2
670483682 8
411427265 2
-1697749017 8
100247262 16
-98703712 2
1129792033 16
-2015174907 2
-1495377003 16
-148341092 16
466056412 2
263370755 8
834478064 16
779746223 8
-1059235396 16
1483402788 16
1258783693 2
583156800 16
727353297 2
429682489 16
1178338067 16
261557581 8
-153845486 8
-1882058781 16
-1341852537 2
-102774568 8
1199013476 16
-769921414 2
-59866031 2
186109676 16
797169193 16
1455336717 8
1399813224 16
1573203730 16
-2090322348 8
1427324568 8
1277406477 2
-1842327497 2
-1769807403 8
1863303499 2
1030197070 16
1503470029 2
-1497880654 16
1505735741 8
142690610 2
745363820 8
-688265395 16
2100482949 2
-591181848 2
1664873135 2
1237619305 16
594261904 8
-292348777 8
-276286430 8
-1227712247 2
-1940429030 16
889784006 8
-1211972274 2
-1225320867 16
211344577 2
-1841289850 2
-2131567551 2
1447451987 2
-36243829 2
-929768861 8
-689515884 8
-762513240 8
-905479506 8
198679708 2
871169939 2
-60242027 8
-1639624282 8
-1058710196 2
-277129228 2
-1419996878 16
1683300113 8
1911012102 8
-1272623601 2
1374294703 8
1524581458 16
773113563 16
-1140754722 8
-816719711 8
-1889783414 2
-1871013620 8
-1564956085 2
-13641896 2
32892409 16
-621734892 2
-2132496287 16
-1057572392 2
1690383328 16
-530506371 2
1159692557 2
1475573647 8
555250704 8
1408589850 8
-1062044223 2
16482732 16
286959299 8
-1047297357 8
-1321702704 8
-454824771 8
500537976 8
1793562786 2
1947635306 8
205655037 2
-1999197931 16
644178832 16
-255570505 2
-1041014535 2
1063386233 8
-1191430554 16
-874775058 16
381326296 8
730468320 2
518819851 2
1316440578 16
9328296 2
1353462022 8
-1285794778 16
-1947878341 8
1485374354 8
1781353869 2
-1619463736 16
1653862019 8
280768823 8
-465487124 8
-1408196149 2
608977403 2
-1747694632 16
1501922781 2
-890302127 16
1381564217 8
-1104475841 2
-527254959 8
-804041161 16
-1494508202 8
-1189596612 8
-1065749798 16
2082250302 16
153532979 8
1211294564 2
1521736734 2
71192074 8
-1276470679 2
-1298588982 2
740453203 2
519817200 8
-677594891 16
-104857682 2
-532656318 16
1675529471 2
-1158835653 8
1147328702 2
-1755582390 2
1477156660 2
-1554862615 16
174772805 2
-252714313 8
1575003255 16
-1505669219 8
1454317343 2
-636141347 16
-1063726947 16
-1811373879 2
387979164 8
605650819 8
-299893899 16
-737373163 2
329664576 16
402291939 16
1413804813 16
-1620509934 8
-392754404 8
1294378124 16
536357713 16
764889543 16
-1379657446 2
1342287455 2
544244143 16
-2034423449 16
-260745321 16
-2074237840 8
1032135863 2
-2029970098 16
93228385 8
1744795688 8
-1889282745 2
-1474143467 2
-1087481395 2
85414316 8
1056271198 16
1663161304 8
1377765748 2
-1449688299 16
1735848016 16
976213459 8
-1858417670 2
503853509 8
198553950 2
-1298327118 2
87903447 8
-1923343961 2
-624936953 8
2058250860 16
-1051376195 2
-1362765448 2
-605353178 8
-1192397697 8
-1307915959 16
-622134751 2
-1184605525 16
1947808060 16
2115007876 16
129512037 8
1986251548 2
-608687878 2
1208605815 2
-1646857230 8
532983001 16
1576732082 16
208565101 2
526663716 8
628211874 16
-684731475 16
-791324593 2
-428403110 8
277235325 16
5729542 16
-536242866 8
1650312496 8
-2076003384 8
1433386874 16
1842479002 8
726776887 8
7536015 2
796142829 2
1937099213 8
-1382622506 16
935047706 16
60868917 2
-691456256 16
379662190 16
-258073073 16
-937990392 16
212570857 8
-1133591745 16
-1320716717 16
761517157 16
1915728713 16
-1606185219 2
749103768 16
-1952328387 8
1701471331 2
-394343255 16
-1832757003 8
-1341565283 8
-437390775 8
96908684 16
1580175950 8
-1507531535 16
330565781 8
1653226030 8
-860423798 2
166431127 2
-435808867 2
-1549002147 16
-1293127675 8
-1883331819 16
1303506842 8
-1239129734 8
1065932053 2
1006468968 8
-587887302 16
-1670634072 8
1021399710 2
-184360003 16
1313500001 2
-273294016 2
-1248887238 8
243085670 16
-2044935643 8
2027332162 8
-1747252229 16
2050674853 16
1605691955 2
518278831 16
-95104 8
-1721864009 8
-574910709 2
1898324290 8
1127675179 8
1555315948 16
-352499695 8
-1226136918 8
1559625977 16
1318714868 8
90863272 8
513180115 16
401537027 8
-213511971 2
1458734986 8
120598172 2
-76980049 8
-1104726127 2
-504829730 16
1412977252 16
1587419697 2
1037324317 2
1535555337 16
2091856119 16
1106596775 8
-412873512 8
-746123345 16
-491795562 2
-453323792 2
1384572610 2
-1387854130 2
297419193 2
-1346922454 2
-1586533221 8
1614128440 2
-604041239 8
-1188672772 2
89715205 8
1541288060 16
-2014854795 16
1966444957 8
-347143864 2
392818621 8
648947639 8
1360095590 8
2010497481 8
-1847443526 2
-525791011 16
-840020777 8
541835737 2
-1928018040 8
1348172975 2
-1731746142 2
1223324981 8
-1647802872 16
-732025770 16
2060479118 2
309950836 2
1727879255 16
98434501 16
2015502766 2
-623522898 16
926407596 2
-1119504550 8
-1980023774 16
100045643 2
421170263 8
1962834592 16
222370117 16
110343833 16
-655720289 16
553713476 2
-1118771076 16
-362839669 8
-262031474 2
-619207735 16
1780520695 16
1694976276 2
-2099085515 16
56428328 2
1062269210 2
67011063 8
53777683 16
1525258935 2
1518108018 2
-1856947455 16
-392897816 2
1328567055 16
-727717816 2
-1423201413 8
-1204233776 2
-307534238 2
-1676185740 8
-1977564002 2
-1585339610 2
-46727901 2
757551833 2
-1923120002 16
2052807946 8
215306046 2
931139058 8
-832643444 16
-117881927 2
203310502 8
-376551165 8
-6368764 8
-1419546267 8
2125246214 16
-591406513 16
302730153 16
1926779403 8
-1918313729 16
-1882500285 16
-1257061610 16
761509180 2
643336778 2
-237116268 16
193240917 8
-120944906 8
-1801629712 2
1758633027 8
-1852861431 16
1598594780 2
1875824370 16
770880021 8
-1644968879 8
684201663 16
236110497 16
-1590429199 2
878095131 16
1742078661 8
-358798368 16
-188335469 16
1305302114 2
1083962665 8
-26746525 8
1589559512 8
926920261 8
520150042 2
741829398 16
-444860468 8
-1275248549 8
1903058710 8
-1379554978 16
-420765869 16
-1272457490 8
-515668164 2
-1309114141 2
-1677212493 8
-477159106 8
37786174 16
-1808579136 2
-1080199544 2
-296404392 16
1181948288 8
-71823437 2
-1466041252 8
-328002026 2
1220790737 2
1057823272 8
1015922283 8
-675954947 2
-1551621604 2
1825610915 16
-719018969 2
-1027926144 8
1336334493 2
2123265942 2
-2084108918 16
-251095193 8
433565954 2
-713907954 16
-424783066 16
881406726 8
1950382202 8
691448692 2
-862713446 8
-1604052865 2
-1946751341 16
1269844679 2
193014990 2
2085850113 16
1516467568 8
513257295 8
-656420276 16
-296110415 2
374214663 2
-1785727785 8
-630087543 2
-1466219723 8
-415465071 2
1041649275 2
628470242 2
-2043724218 2
-933141953 8
-477816029 2
-1826369344 2
-1258920557 8
997109499 16
-1294470272 8
1639687618 8
-1858751815 16
-1550274762 2
-1020899385 2
791579646 16
429915173 2
-838051053 8
916822794 16
494360833 8
1582837899 16
2144685623 16
651764661 2
-461223813 2
-1984525083 8
-1565367355 16
-1569085790 8
-1658283720 2
-590532610 2
632856989 16
66156691 16
1729511855 16
131759633 2
1427265685 8
1462889885 8
1635065009 8
-1778448190 16
883525909 16
-1065155856 8
-876798434 2
-153714428 16
-850208967 16
-95574697 16
904674967 2
-676819594 16
-2078176202 2
1099474630 16
-1950152389 16
686772986 8
-38549945 16
912074097 8
868161699 16
829884865 16
-1615812091 16
1124024231 2
-1824294071 2
-825530230 16
886883826 16
-1890941516 2
-1498128291 8
1557806612 2
1092848104 16
-1934850501 8
181958034 2
-1024201366 16
-1258681761 8
1573411298 16
-87868610 16
-1396291749 16
1355877987 8
152305443 16
-494046742 16
-195783834 2
-1714997315 16
420935755 8
854289277 2
1244915659 8
1605164290 2
646727218 16
1065794483 16
672808402 8
353042121 16
-180789310 2
721124134 8
176201677 8
739331688 16
-621868123 16
-315488843 8
798001644 16
1372904912 8
-1124309161 8
1399592153 2
-903576708 16
-87715836 16
-1120725615 8
-636068401 2
1048745086 2
1789576898 16
-1584041279 8
494334797 8
31856469 2
1877485186 16
-1370206900 2
1522362010 16
-952344852 8
844882747 2
1304396345 2
1102378580 16
1089603049 2
-33333914 2
1090280959 2
-711631299 2
-2060706605 16
-1726939215 8
-594131975 16
564566853 2
864841302 2
-20107769 2
648400076 16
1987667539 2
886167266 2
1893579582 16
389321089 16
1922212438 2
-1017489139 16
-1387460659 8
181946911 2
1257033300 2
-127970334 2
-909716300 16
1791394713 16
1563690972 2
1554215812 2
734470745 16
-1924141907 8
846577861 8
2014348735 2
-780596430 8
-1337348662 16
1695470314 16
1096501633 8
-1928569972 16
-1250007881 16
765556887 2
751553567 2
-1896170675 2
-2140732552 2
2104722133 16
277513549 16
1238325609 2
-330491732 16
1832494831 2
131540825 8
-1670949985 8
-322180695 2
-1998659177 16
-776089426 16
-870189630 2
-391091770 16
953322518 16
-1948965550 16
-1025516474 8
-400821066 8
-260985706 16
-1012063032 8
-262636710 8
722806376 16
189191685 2
-1284645941 2
433367107 16
-1852289322 16
-1193373360 8
492897346 2
2060280638 2
-1073339764 8
4455849 16
-399822926 16
945045793 2
-790666021 8
1225546059 8
493189341 8
1094565480 8
1359129028 16
-1072451578 16
378914192 8
-1356921076 2
1600599740 2
-859371543 2
1659645058 16
-46671340 2
1399513904 16
-1585773872 2
-1341355565 8
-1016754192 16
998693997 16
-1032104903 16
-832880709 8
-88234511 16
-913789694 2
-2052586587 2
-114102241 2
1158108905 16
-947900371 2
1581591169 2
-612816804 8
1111250539 16
1562131748 16
339931632 16
-1605795973 8
-268754793 8
167637510 2
-1310127090 2
-1362931127 8
-703119697 8
-1923047346 2
-734533911 16
-437360004 2
-685605451 8
-689917832 2
1699547981 2
-1624136150 2
-814367174 16
1285132519 2
-698623573 2
857355283 16
1518745930 16
1284987780 8
-570412472 2
-1810537073 16
1135348209 16
-301618622 16
429098068 16
2096123383 8
-110670754 8
-2051070725 2
-211445344 2
1485711923 8
-1496023824 8
-574443869 16
1268090352 8
-686046312 2
1640294775 8
1984706631 2
-1638587922 2
-21850358 8
1594811379 2
189231079 2
208626661 2
148414247 2
165970031 2
-1917704150 2
-180226112 16
-136370369 16
1808790491 8
-1840428152 8
1178779347 8
-2054392498 2
-103762531 2
-299542696 8
-1925372186 16
-408372419 16
-650460073 16
86793878 8
291493253 8
-9506222 8
-1127825770 8
-866014697 8
1917808243 8
1658588979 16
-70806652 16
-1901259932 2
270057757 16
-1778262443 2
-770533838 2
171795721 8
-2074854710 16
-358619534 2
-179662195 16
-629671507 2
-2056097585 16
1915879454 8
-2132163300 16
1397650037 16
203341399 2
-1802207305 2
-1690605199 8
