7329
-461671132 16
-388827037 2
-828897772 16
1693748343 2
-641362583 8
-855357991 8
-1546920605 8
1679133629 2
-274363113 16
28826581 2
82393191 16
1568963847 16
1871287464 2
-672776219 2
35240291 2
481974526 16
-48527289 16
1821442118 8
575610078 2
-3988781 16
1593924151 2
554233445 2
-996915696 8
-537077068 8
955419342 16
989179404 8
1437821322 16
-202359331 8
-1905002201 16
6404531 16
389270885 2
488718514 2
-1007828288 8
-1395671604 2
2021366695 16
724672097 8
-529587810 2
1167442688 16
-187982805 16
-1749533592 2
-1482075601 8
993158585 16
-746912296 8
-991631668 8
-284593555 8
-1785328026 16
-2023638327 2
1995182943 2
-586713318 2
1932709586 8
-1708751794 8
962216830 8
231270580 2
1222856702 16
375613002 8
1764769164 8
230441798 2
-400625836 8
-389130224 2
1019126402 2
-291556853 2
2070613449 8
-527428342 16
-208447626 8
-375542912 16
1049414339 16
2046840747 16
1093649467 8
1252125794 16
-1107265111 8
-768849889 8
967492265 8
-690007613 16
1050247608 8
-983882886 8
-476439515 16
-960906745 16
-725744543 2
-589154920 8
-415097885 16
-1199248098 8
-324716140 8
342341313 2
-1376802794 16
-1797311445 2
221399365 8
245498603 16
-1840705745 16
-982288770 2
-577350245 16
433858048 8
-1837558176 8
-9175323 8
-891505264 16
12682690 8
1608802155 2
67671107 2
-644275805 2
-704103049 2
2048009929 16
-1419138999 8
971776847 16
804787333 8
926910315 8
1973795 8
535227381 2
-193490009 16
-1487998202 8
-923160513 8
-153972625 16
-1368390662 8
2015755157 16
79897075 8
438312700 8
-582631077 2
-1419640793 8
665803008 16
-123343848 2
-719368589 16
-1537261924 2
1706518383 16
-412261583 2
1414297523 16
593550636 16
-1502774765 2
-846401261 16
-22765781 2
495555006 2
-271229880 16
2097576417 8
-2146719342 16
1625735803 8
377879689 16
429255596 8
-1536168509 16
-467941594 16
64440479 2
1590193389 2
1371823828 8
1623485892 16
-1800488200 16
-1099542702 8
766522360 8
1652231165 8
73692797 16
-1328103794 8
-899823695 8
-756332147 2
610126308 16
-1164747745 16
-1748992804 2
295093226 8
696500866 8
-1825812936 16
1201295967 2
1427570940 2
1324585618 16
96287372 16
386180274 8
-1503293829 8
-342666138 2
1357322921 2
1482580418 2
-171625091 2
924126831 8
-280673827 8
340336220 16
1631898040 2
-1397077929 16
-880784453 8
-1730885368 16
177971109 8
-1345278369 2
1714787510 8
1969730750 16
141220213 2
-1560739479 16
957060498 8
-1462154446 16
1805289931 8
859699183 16
1085711630 16
-162210668 8
-1651338144 8
-662690908 16
1498877800 16
-904855095 16
1457710513 2
577950516 2
-937721296 8
-1954910783 2
471552498 16
-1205402801 2
-1555346022 2
-1968111258 16
241800150 16
-887014105 2
2022404326 2
-1428292981 8
724547838 2
4184975 16
-1701329546 8
-681929817 8
643129811 2
2053135551 16
1513956864 8
737963681 8
-2013325850 2
1566194864 8
930629612 8
151128381 16
1753318320 16
1963922426 16
1449666661 16
-541007188 16
-376941411 2
-24423218 8
1840605546 8
-1798369933 2
1204693056 16
943021156 2
1450528394 16
-1013166255 8
1215140653 2
1053007485 2
1463735694 16
-1640901699 8
404918384 16
399354309 16
-1771514783 8
-1180186849 2
-1984308882 2
-23042080 16
-1170593549 2
-1686762123 8
-1741920600 16
-1281596722 8
1954893375 2
1354080682 2
-62423690 8
-751881928 2
-1892260688 2
1423965582 2
-1777639786 16
995368517 16
362933859 8
220254004 2
1280293753 8
-143585336 8
-545552785 8
-1709243138 8
-1555500752 2
-746652646 2
993341957 16
492138756 16
1876347549 8
-1576680318 8
418039341 16
-1944167441 8
1262738255 8
2021604721 8
-466888696 16
637041779 16
-393924487 8
688925354 2
1819407222 2
736268924 2
489295436 2
1766496806 2
154695351 16
85547565 16
1426927561 8
-1177899051 2
-1375106717 8
-650121744 8
-497563984 16
-1445183368 8
-1459187936 2
-1904019476 8
-851270162 8
1853784178 2
-443262395 2
294209931 2
566151485 16
209078472 8
-1780370117 8
-238393434 8
-961287929 2
-175836099 8
237844982 16
2121456725 16
-310664839 16
2100662869 2
-1905287983 16
990447134 8
-1783043886 16
-399629256 2
1667795019 2
-295835992 2
339657425 16
-1351791223 2
1916510834 2
1037671648 8
1308487679 8
-426255764 2
-582442967 2
-205176936 2
-643941594 2
-914871956 16
835897011 16
-824675919 16
270700654 2
1855316227 8
-1151989197 2
-818932266 16
1271984319 8
-542635105 2
-622810643 16
-694845442 2
-1419478565 16
-1155304440 8
1967505702 2
-1929615820 16
281612074 8
-2078257638 8
-1720852281 16
-787661359 16
-1716579162 16
-1329479372 2
1955765347 16
-1701369614 16
-415922513 16
1647364184 2
-1750280841 8
-1484799473 8
1120294824 16
1666931446 8
-1382229043 2
382928548 16
1719222546 8
1778129219 2
441058205 8
1661697132 2
1993456920 16
1571808914 8
466582917 2
-1564541098 2
927049657 2
412751015 8
-1174605347 8
-360006781 16
-519503643 16
626516889 16
-1633956294 2
1571301740 8
-978871790 2
1689869571 8
1188345986 8
-24060031 16
-896846131 8
-648568215 16
560643300 8
-830886343 2
1748360511 2
-1698928563 2
498583319 8
1851336570 8
1858590876 2
1552782199 8
990562114 2
-1515130520 2
-809896748 8
633037339 16
-36336273 16
-1503248038 2
691670249 16
2037590276 16
-982901308 16
1146589207 16
1635577537 8
220186059 8
339371118 8
1825386076 2
-1398254911 16
-171229621 8
1818021091 16
760305037 8
1853665791 16
1672765184 8
-237496720 8
1906791603 2
228062585 8
1662195873 2
769072228 2
1492872635 16
-270270486 2
416365359 2
-1054946991 16
1330471480 2
1037790284 16
903424692 8
974615642 16
-1877698511 2
-60399039 2
460729865 2
2128512011 16
963654286 8
120672978 16
266776107 2
-1397317356 2
-1022655100 2
-653877371 2
2040673705 16
-796791322 8
1999391334 16
-831672402 2
-253361808 16
26404485 8
443982503 16
-1392821413 8
388910812 2
1124932966 16
-536854648 16
449897995 16
-410184483 8
1449070479 16
-1632952480 8
1572249064 16
-427473156 8
-1374548738 8
-758816724 8
-524427075 16
1403809687 2
-1638588435 8
-1762430705 16
-1749083260 8
1547804851 8
1462425615 8
354301892 16
-742898606 8
943390925 16
1053053456 16
370483873 16
2046053000 16
-46899282 16
-127086731 8
-1223440094 8
409978426 8
1003152099 2
-392455459 8
393922864 16
-2048288312 16
273747047 16
-553105186 2
571633894 2
1113327491 16
599230466 8
-2003599614 16
-1039514772 16
-1508121884 16
-2059251455 2
-820524978 16
-51579422 8
934497898 8
-1062474823 2
-1313843931 8
-2104192690 16
-1580602111 2
958217234 8
-1394745723 16
-1574147950 16
-1347331264 16
-478261234 8
-1236244107 16
1643106721 16
-1052235797 2
-1496493043 2
1303434873 8
198385046 2
1153945351 16
-2093645197 16
-394816395 8
-1856496946 16
-741318092 16
1026527543 8
-1526490336 8
1507878003 8
-1377132496 2
-1568634130 8
1199010400 2
316219971 16
1134148648 2
-1794488808 2
-1498537067 2
-254471499 16
-944122019 8
-952009694 16
-1369250017 8
-1246083195 2
2138502205 2
-1908194822 8
756286813 2
272956258 2
76992043 16
-124024536 8
2096694663 8
104973200 2
-968773923 2
-1023862860 16
-1064304768 8
-1621460289 2
-534840464 8
420801524 16
1813726 2
-1038686648 2
88904999 2
-1280518389 8
-185488826 2
-1529671748 8
-37462382 8
-560150706 8
-1506408365 8
-510635476 16
2105500228 2
-1265873563 8
-928258012 16
-1778205488 8
-1865245779 16
20566142 2
91683991 2
-542529353 16
47224385 2
-1327816018 8
2125905944 16
1305765749 8
-570029384 2
901786878 2
-745176655 2
1509425191 2
874057919 16
-41789796 16
-1592950362 8
1772683372 16
310955985 2
-272893723 16
214220438 16
-1593370474 2
723925244 8
-1099447555 2
-868104792 16
-455122415 8
1189729226 2
1746870461 16
-1399886133 16
616486504 8
1654587335 16
344544048 2
1835779309 16
-355587310 8
-1981556022 2
907449360 8
1790999312 2
816750830 2
172104251 2
1384151404 16
-1158442763 16
-2077464735 16
-226069996 16
283030248 16
1110770208 16
12647856 2
-1793575420 8
18312393 2
235884648 16
-1979008543 8
878244661 8
-925060696 8
843459890 2
-1925231321 8
-1383870975 2
119586007 16
1048156016 8
-971678613 16
-176490545 2
1133729762 16
1307874676 8
705424743 16
-373306687 16
-43629754 2
-1181046228 2
1446404380 8
-2141247830 2
-930581675 2
-390721796 2
737668837 16
1551792665 8
2018770186 16
-772087409 16
-1063563474 8
-200037732 16
1571878815 2
-1837849993 2
366530464 16
-209725169 16
-1732712715 8
-1405166533 8
1305239210 2
-1423701811 8
-195851628 8
-700361999 16
375517624 8
-1442989614 16
-1901129106 8
-406613538 16
-1591398889 8
582454183 16
1268969879 2
-1686272532 16
398764058 8
1754313464 16
-1952981299 16
-2122988285 8
856501893 16
662073169 16
-963891887 8
-2066135291 8
-18232314 16
-1981756574 8
419351096 2
1366253571 16
-804124776 16
-1751336357 2
1491176855 8
660436852 16
625290034 2
-1066176657 8
-164640366 8
2142910311 8
959531007 8
-72124369 16
137270229 16
1166997071 8
1192578804 16
-623397520 8
800776785 16
-1116872374 2
131040155 8
2039778567 16
57508978 2
174145839 8
1332180719 16
-1119890595 16
1785711919 2
1503799014 2
-1228452121 8
-614907630 8
1983882278 16
-1806108424 2
1551344514 16
1076157436 2
790033398 16
1507929687 2
841751632 16
-636648472 8
-1866292060 2
-2078769796 8
-759287527 16
-561150682 16
1737514674 2
1189028004 2
-1960132919 16
-686283902 2
-174013393 8
1764531518 16
842254180 8
821842133 16
2116832011 16
-449460994 8
476659434 16
-1514598587 8
-2144149297 16
-1705439185 2
-1372930386 8
-280299025 16
576324650 8
981318332 16
-1136403619 16
-1864839086 2
1618359157 8
486070262 16
-243130553 16
-2130015066 16
-1887388127 16
-1661900774 8
286673805 2
-2007068162 16
-2005451421 2
388468930 8
-2035599062 16
-1759560540 16
359686132 8
713994927 8
-322938669 8
225679228 16
1427864380 2
-1197518495 8
-1071719942 16
1282397159 8
-2103633856 8
1655431125 16
-206548398 8
1244049513 8
1419090901 8
-972367045 2
1770856172 8
2104308138 8
760588074 16
1465260362 8
1668922451 8
482264175 16
-909879774 8
973446309 8
379397807 16
1153215551 8
1282240816 8
1532330995 2
-638544956 8
1997701564 16
-1843044817 2
-556504940 2
-1481263479 16
2083636899 8
1569581780 8
-1884565405 8
436225495 8
-657724705 16
-385813765 16
-125050610 8
2280133 16
115165689 2
-548954694 2
1196900967 2
1007640851 16
-1108034715 8
-787717200 16
856006348 8
1681688280 2
-237815803 8
464149407 2
1274678269 8
1367466544 8
129602587 16
1153737090 8
1445660499 8
1762141983 8
308360378 16
-1671353833 16
-2109452679 16
1294899907 2
1654317670 16
1499609771 2
301532695 2
-1654742789 8
1783583327 8
-1468694439 16
-1495119756 8
-558937408 2
-2014615831 8
1685936676 2
817291096 8
-1790831054 8
1851410307 8
-181543108 8
-1206688493 2
-2021597790 8
1369227296 16
-767964860 2
-528455409 16
350333631 2
-92826373 2
1815726816 16
229919155 16
567855573 8
-1520167596 8
1010287926 8
-126561722 16
217804045 16
-645927632 16
9705123 8
1313280697 2
1764540072 8
-2106663591 8
-2101287074 2
-2120248877 2
-1921696470 16
-2102962845 16
-1256017238 8
-929787862 2
-1310451828 2
-108903994 16
1471877374 16
-69569987 16
1630765731 8
725471744 2
-1660416653 8
706528400 8
-2091163336 8
-551427094 16
230450674 8
-946358943 2
2011405308 8
817746575 2
1845418168 8
-1907997579 16
1926687663 8
1869970979 8
-632377874 16
-1075804001 8
-1467629304 16
-1847978824 2
401914650 2
-658116027 8
-967632668 2
-1568774723 16
-1628039005 16
-2051221649 2
462205608 8
1224497094 2
-1589654875 2
-559474546 8
1844512462 8
350762164 8
-1387377802 2
1474559661 16
-503867289 8
1189692176 8
797062655 2
-778449893 16
1617533396 2
227940469 8
1850231083 8
-1887983486 2
-702279065 16
-395963166 2
-992487835 8
1269504712 8
1942793255 8
-172477517 8
120996561 8
2104065256 8
123172232 8
1541399488 16
1447826385 2
-532894577 2
1800052142 2
-1819384617 2
-1188922566 2
-493601544 8
-519125191 8
114169414 16
-1507915244 8
1613561175 16
1419069220 8
415774833 8
2055401097 2
-762172603 8
965078213 8
-1357206123 16
-739623383 16
-452131073 2
-1690526949 8
-1606627231 2
-1794257570 16
-1299062632 2
1477609491 16
1341080865 8
-1833119072 8
-1287592866 8
1962577572 16
-890536279 2
11449785 2
-1324439404 2
1909388207 16
82221973 8
1168552582 8
1141184643 8
998179981 2
1792801130 8
444638440 2
-890629472 16
2018200700 16
-542376838 16
960875944 8
918525261 16
-1084768845 16
285870972 8
1608011124 2
-1879808012 2
1261019516 2
-665351369 16
-855971855 16
-1719903245 8
539613059 8
-297350989 16
-1954555580 8
1365821107 16
1046362760 16
767746394 2
-557388564 16
1134439630 8
-349380695 16
-1653177789 2
891225214 16
-810997931 8
951033317 2
-1615848632 16
-10215016 8
-1261954309 16
-726632177 16
444067588 16
211644881 2
-904047099 2
-1301726597 2
1672369981 2
-889372746 2
839266882 2
1333245943 8
1781926447 2
-422534403 8
1034460527 16
675246515 8
-1344958696 8
1742204349 16
-152047946 16
-1192141205 16
92015099 2
-1546435253 2
61275934 2
1408260126 2
2024464520 16
1005876614 2
1690678503 8
907702134 8
-490130994 16
-1000526643 2
1335771510 16
-281021122 2
655530240 16
827436193 2
-102314283 16
-1592038709 8
-1982802970 8
408942809 16
-417997249 16
-786079864 16
-858954004 16
-1287743358 8
1143315878 8
-2024049034 2
1920793207 16
68253640 2
60792269 16
-779380632 8
-335070216 2
-515742162 16
-1755354991 2
-887306454 16
2139258278 8
-1054839496 8
-633925786 2
-1828375673 8
-324543337 16
-598973683 2
-310568330 16
852615944 2
367654134 2
-1678756395 2
-1536202660 2
606350308 8
-2104830322 8
2079495793 2
143665458 2
546727572 16
-749803060 2
-700643977 16
829155477 16
8985189 8
-2137377800 2
-51970213 8
-2009910967 2
601528478 2
2054130740 8
-1564841238 16
-589153116 16
-386483224 2
-346895084 8
145512857 2
-24594932 16
-2110520430 2
1603883832 2
2142480506 2
1274423794 8
959735853 16
-1053676037 16
1018061149 2
1746297022 2
341699390 16
2094785338 2
2037980333 2
850103925 8
-517850361 16
-1761307443 2
-2045637057 16
-1094918798 16
-682971501 16
909038837 2
-729002319 16
-770166142 8
-2070866693 2
51577892 8
658687435 16
-2135288268 8
-2074693207 2
-331425471 16
44808211 2
1844271177 16
906663603 2
-1432333950 16
-10160713 8
1830536688 2
-852520238 2
-1042658923 2
-510898993 16
756691932 16
-492374103 2
-1113337306 2
1092351644 16
-1666917011 8
-1065742767 16
1324560058 8
728701659 16
-1726416634 8
-1526065950 16
1781448290 8
1499589920 8
-1232494329 16
359661432 16
830566999 16
-1527739545 16
1136393595 8
-2078116307 16
-2096523457 8
493194892 8
98928696 8
165520114 8
-1689325409 2
1241597991 8
-1872029331 16
705320083 2
1056324463 2
-103487121 16
1889033951 2
-885156108 2
-263099187 2
-1801018979 8
-107554952 16
295094031 2
1418284713 16
150427397 8
1732071289 16
-86734655 16
-1974378617 8
-498878588 2
1103974761 16
729565776 16
1418421967 8
1348957437 16
1730081481 8
-1621592894 2
1640898090 8
1279317148 8
669598127 16
-804857373 8
809215689 2
-758328409 2
219347214 2
-1396015954 16
1581345226 2
-1143526087 16
355354599 2
1238830544 16
458586818 2
-436216063 16
-314538598 8
-2078705067 8
-1351889807 8
4114980 16
-89681448 8
1159533574 2
-536847778 2
1876712748 8
1668475388 2
-1855853796 2
-2090334536 8
498577152 16
1587833768 16
-1859091009 8
1869331301 2
-875396355 8
2036952326 2
1374213818 8
-1924118873 8
-21436336 8
1580760273 2
2029345821 8
958012389 8
694879463 2
-1017926782 2
1188503722 2
-1438742762 16
-1991881653 16
1829361276 2
-155889960 2
212248587 8
815500485 16
1794284800 16
1535902564 8
-891983309 8
1243191192 16
247200332 2
339396024 2
856819380 2
1054924498 8
-1464051038 8
988570173 16
1700866850 8
-489405759 16
30755759 16
-1263765989 8
-2065028978 2
-1562798407 2
1830376649 16
145026595 16
-1566778532 8
1345393029 16
284784087 16
-1405410334 2
-579796823 16
883586297 2
1348773321 8
1907344415 16
-819734666 8
-595858981 8
-888893122 2
712893048 2
785626068 2
-199797832 16
-2093919579 2
1197267797 2
-1676642389 8
1267384965 2
2084406516 8
61069025 16
41094751 16
991238410 2
-1484419610 2
-606740722 8
378524267 16
1563431204 16
-886130123 2
-906340979 8
389187822 16
-371430200 16
606049539 16
309772147 16
559721070 8
1344999681 16
603009839 2
1437873011 2
-827489397 8
-543033434 8
-94227300 16
705798402 8
1482469825 2
-2134355382 16
1265222333 8
420056009 8
1857307478 8
-1615860449 8
1142363298 8
744077602 16
-610596752 16
1523166444 8
-630114065 8
-1845353713 8
2146869195 8
714825204 16
449078585 8
-233974488 8
2049148340 8
1234886300 16
1655635447 8
794623186 8
-271299883 16
548205253 8
-1137377058 16
-1636138126 2
-1765293504 2
1320693150 16
81969546 8
1837226635 2
-662031228 2
2040531299 8
1495094998 2
1251206560 8
-676357604 8
1298365308 8
-353286444 2
-1098457615 2
1429809905 16
-1332886218 16
-578833792 8
588554930 2
491838297 8
-1097771853 16
-1591893254 8
-937949805 8
48972960 2
-872724983 8
493951429 2
-323333496 8
654474602 2
1898000984 2
-206536156 8
-492394972 2
-293303020 8
-1750622597 2
284360977 8
62013717 8
720408223 16
2093711037 16
2096328699 2
1545305858 2
-1104655201 16
-781468390 8
-1828420232 8
848018232 16
1564493917 16
1995289483 16
1417572773 16
-1614535179 2
-1644111211 16
-193394109 2
361625392 2
1356898878 8
-2719993 8
1379564706 2
-1746829049 8
-1581977448 2
456599165 16
-2009911893 2
-1408911211 2
290158982 2
-488667182 2
930943688 2
-2107201816 2
-1333630983 16
525788378 8
361668790 2
1781856120 2
-521923096 2
698834918 16
-1845756774 8
-34856717 16
-841298254 16
1615964845 8
-877879933 16
-546941305 2
1081759229 8
-734014774 2
792469219 2
1505650400 2
-742656424 16
720199673 16
984621327 8
-1632254609 16
-1490700093 16
-1783493414 2
1395917093 16
-330595444 8
-352659842 8
79997488 2
2130662008 16
645962235 2
-801230350 8
90995158 16
1036505613 16
491499486 2
7592718 8
1539498064 16
-1510879408 2
-944234705 2
-1661171950 2
1752957139 16
1343800761 2
-699474935 16
1192988550 16
-1866516093 8
884921235 8
-327956022 2
1257987969 16
-2001533656 8
-675729817 2
-1252634196 16
1105505490 8
-621919608 8
-1531213391 8
926674592 16
660942058 16
-616499077 8
-1422996663 16
2087538905 8
-23595129 16
1634470135 2
-627443762 2
-399834550 2
-1101236139 2
375242085 16
-1826056486 16
1641181440 16
398181196 16
1649750676 8
1004011214 8
607602842 16
784011304 8
-837592007 16
1761684990 2
1430082358 8
1110238625 8
-764842120 2
987104711 8
1406929615 2
795582351 8
788174368 8
419790940 2
1875389969 8
1683756848 2
-737512077 8
194720658 2
-861352749 16
473528005 8
155695024 8
-125236822 8
1693701391 2
-1461881773 8
-902303496 2
1541518129 16
-1406907193 8
1418383197 2
-528131267 2
-757397858 8
1963141216 8
-1059295129 2
-365903238 8
79202722 2
-66642833 2
1893184087 8
-256769510 2
617056647 16
1981762139 2
-1124307540 8
-1678602810 8
-26211015 2
-1289491678 2
1561150107 16
-2015013727 16
-405960142 8
2112707601 2
-1636111680 16
1970229517 2
-79897005 8
-1906041584 16
-676583947 2
-25200223 2
1738528556 16
1458832132 8
783395523 16
-1702500942 2
-472351990 2
-978752105 8
239813318 8
-385294199 16
464698189 8
1273264242 2
1138431698 8
-559383468 2
-1736875680 8
-982597715 8
-940853434 2
1345277690 8
72960783 16
-1043580470 8
-1229788303 2
-1335672399 2
316783260 8
1110947050 8
1996559989 16
1485473074 16
-651241001 2
442077696 16
-366909291 2
1512379866 16
-1758985920 2
1852624037 16
1207164901 16
-1942562397 8
-777297914 8
1090331762 8
-1876468084 2
-1184792328 2
1719987578 16
-745911510 2
-1996416845 8
-1293720835 2
607848167 16
74728285 2
1565558055 2
552065474 16
-264517610 8
1937052560 2
-1563600525 16
1336306220 16
1187164270 8
1256432813 8
72049773 2
-1012656023 16
688557712 16
1828248282 2
-1426501304 16
647205010 2
560448835 2
-248993570 16
60193469 2
1450011194 2
-1552883390 16
-22360048 8
-866302534 8
-1662354855 16
900775255 16
1658286868 2
1329249946 2
866711741 16
-766732725 16
472620208 16
-855611305 16
1223031249 2
-533629768 16
57811319 16
-1765256303 16
1755659824 8
1161767219 8
-270739440 8
2102473404 8
400015849 8
181543672 16
-1678851375 16
-445347943 8
-819319932 2
-354765046 2
1648055443 16
-1783599825 16
1474161547 16
1548156587 2
1547690360 16
-1597415290 2
-1440843129 8
1012925792 2
1286828659 2
-1882772850 16
234753346 2
-1049186159 8
1958787585 2
-116619709 8
-542454888 8
-33170381 16
1636719085 2
-381539736 16
-1154161182 8
1955859869 2
902848568 2
-1446315934 2
-638937336 2
-1336079862 2
1357938109 8
1418676076 16
1308504353 2
533518607 2
-740926945 8
1420549513 8
-978672663 8
-1065451085 16
1454109072 16
-1774949986 2
-1754467072 8
219802749 2
2142382711 16
-528615438 8
-1954460414 2
825527456 8
-935114194 8
-1406076398 8
1958922869 2
-1110348973 2
372206338 8
1688369067 2
-1911720150 16
-335295090 2
2001531179 16
-262438972 8
-1424938620 2
1869760507 2
-2111789875 8
-2091583233 2
78800008 16
-209648019 8
1389197108 2
1001112729 8
1404469139 8
-1027435492 8
-606521838 2
923531824 2
1642630874 2
555951371 16
-283565804 16
-1356601290 8
-728205059 8
1030175195 2
556424428 2
-114427540 8
259004721 2
-833279854 16
302761447 2
-2050645986 8
-746052714 8
-1484242383 16
266174816 2
-625733850 2
-1251177393 16
-674852558 8
-940530514 8
-1693229842 8
1785046309 2
368856404 2
-1947765977 16
784160105 2
1146370307 2
-1745221837 8
320748144 16
-1136758878 8
689623918 8
138499480 16
1879035191 16
-1640840175 16
-1683354560 8
1409981463 16
566495592 8
-1625416254 2
-1023840367 2
1439163364 16
723674029 16
1002101688 8
-426529676 16
-1631069633 2
286866516 8
-1453064925 8
2144043997 8
-27044122 16
-527939024 2
1969351820 16
-881166177 16
1228904803 2
-1658070471 2
-393588041 8
-1611360043 2
15490111 8
-1435833576 16
1388727032 8
-2005622602 16
-366533436 8
-1555072603 8
-1003793832 8
-1167488604 16
1425962245 8
-1664196680 2
377700951 8
-2092207711 2
-844383661 2
1218478375 2
1307215841 16
-1681290936 2
-483039032 16
-1076591650 16
790840755 8
2000840344 2
1966551832 8
726585799 8
1058498321 2
2124540740 2
-1700006430 8
-1470709258 8
1740483424 16
-238967252 16
460618698 2
-780947749 2
875276780 8
-592684034 16
-1249644802 16
-1059980717 16
-1995087351 2
2002078534 8
791938950 8
-1491385552 16
-1503917550 8
1949294930 8
977411404 8
-310846439 8
168765881 2
721839495 16
-1086312542 8
-1472912267 8
-747579987 8
-733148149 16
1132961900 16
1755747374 16
-542952051 8
-756115907 8
1598389468 16
1674867317 16
911474884 16
-1864986485 8
934105890 16
-511065088 16
1577452241 2
-308391582 2
836761158 16
-2124184829 8
1004017971 8
-275214391 16
401881368 2
856942595 16
-106743953 8
1780149871 2
-156011619 16
121465954 16
-1138952224 8
-1149807449 2
1071432333 8
1554495244 8
-1410231059 8
322141244 8
-830793751 2
-1835635840 2
1607640969 16
-906405948 16
-1008032218 2
-927407150 8
1145465625 16
1791727081 2
951196459 16
1824091430 16
-1987419185 16
1974585023 16
632949717 2
1244594133 16
-1028149170 16
1920655573 2
-1383655906 8
-687544011 16
2027259037 2
1731606168 8
1286108359 16
-149119228 8
-610155985 8
803449155 16
94059460 2
437049453 8
1833356805 8
1143808980 8
-1474911053 2
1718745557 8
1247383024 16
301874525 16
-2029392036 16
738138055 2
812181194 2
-997360491 16
-918151830 16
-1114379900 8
-2080551398 16
-2042330371 2
-811885761 16
848437862 2
-1795994202 2
1164055031 8
-1533841108 16
-308440815 8
-1462995115 16
1814165522 16
-1980250009 8
-86437661 2
-1167458372 8
-1284131502 8
2049063185 2
-1391041922 8
-374403249 2
-1983475546 2
-1053637420 16
124505541 8
636259544 8
1702028969 2
-1129260355 2
-369566014 8
-1527927479 16
2014661846 16
-432935059 8
835486236 8
-688937871 8
-1997886086 16
-348694712 2
-1573582535 2
-1449357832 2
-1958592807 8
1654037330 16
-1841556774 8
1747044302 8
124848362 8
508808244 2
568962198 16
-1362115982 2
1503514060 8
-1948262122 8
982187948 8
1603646175 2
-1425153211 8
1445444166 16
-932124426 16
1080266368 8
1464614657 2
-384586478 2
546789668 2
-1093192136 16
1423821644 2
1417780403 8
141234200 8
-728921947 2
1160185884 16
1240210840 16
-944217187 16
1451675287 8
50420966 8
-889472772 16
-239252546 8
-2038431417 8
-1386711844 2
-17305357 16
-1019110493 8
369639439 8
1151593443 8
-1583629430 2
-520824207 2
299402145 16
-690615086 2
-32221245 8
-842461680 2
-1554961409 2
25943610 2
-376047953 16
327372206 2
2026112109 2
1992971853 16
1682632950 16
-1473101278 8
639565936 2
653032527 16
1500269122 16
-1418608301 8
574516121 16
1365270646 2
-1650762365 16
2123206 16
1583574593 2
486684136 8
-9286470 16
-1256610447 16
-1624793870 16
324111331 2
-372794666 8
2096109183 16
1643041697 16
486948799 8
1523117507 2
1836381250 2
-1870864623 8
1772921611 16
-1142824445 8
1857620641 16
599982025 2
1583649711 8
-1171328061 8
-1109103982 16
623101648 16
-1175269771 16
1757689697 2
-593177133 8
1665103554 16
666087266 8
1015782357 16
1989087637 2
-2126854162 8
-963567258 16
1974027777 8
333152474 2
-1472699856 16
-1226368897 2
794803151 16
-64003504 2
-170094891 16
1022261317 8
-1522889145 16
-1700756241 16
1331128121 16
1656722136 8
215841907 16
-1227779359 8
-1929517020 16
1929480110 8
110511701 8
24077410 16
1097813948 2
-1829941121 8
-729564021 2
324480021 16
-1948400603 2
588284561 2
-759783078 2
1038782742 16
1926511524 8
2140795773 8
-1262745482 8
-2091371959 2
-544908694 16
698031278 16
1341120428 16
-1227531431 2
1217464268 16
2093186405 8
1030864101 16
502383693 2
1633984417 8
1818753874 2
164449873 2
268890264 2
818370703 8
1382543220 2
617245876 16
-266583810 8
-167733012 16
-523612860 2
-1506864663 8
-669127875 8
369489425 8
-1255319312 8
-1991173207 2
877694509 16
436906013 2
655477454 16
-962237017 2
968003102 8
-1204749229 2
1186832350 2
2126027216 16
1848752967 16
988453522 2
-1763300014 16
-1022881963 2
1354166697 8
-1989615849 2
72286250 16
1900986890 16
1810451833 8
-1409442654 8
1943418555 16
-962510105 2
-2065079325 16
-2115705127 16
-1830976719 16
-1061664183 8
-1895472494 16
1381575714 16
-1467042632 16
1208615746 16
292171436 8
1695138256 16
1106369525 2
-442835937 8
-2107875126 8
-601071318 16
-689048497 8
-1788163921 8
1930727469 16
1589439963 16
251841833 16
1905962737 16
-1190101836 2
75242064 2
1514621904 16
-1940477915 16
91943337 2
-1352285322 16
-1457792158 2
-539859874 8
1764768472 2
-874884855 8
-650356449 2
-1607894048 8
714257491 16
1183546268 2
741735157 8
-1055241142 16
145477302 2
1707478354 8
-958701359 8
1588952907 8
1020656339 8
-1307245020 16
130404247 16
978713582 16
1907212611 16
1188440793 2
-1034332827 16
283892418 8
-1825392422 2
-1486214010 16
-1680631617 8
2025318382 16
-1507026189 2
-1001195361 8
1601656427 8
664468077 16
2128083035 2
1723997374 8
357303502 16
-85916662 2
1674329937 2
-1562913040 2
-519149399 2
-1009629980 16
-1334287267 8
1183260291 8
-143575659 8
11726669 16
-822076022 8
441650016 8
1324389565 16
931563307 2
-1140609226 8
891359080 16
-1814204528 16
849840204 2
282167888 16
1371053186 2
-752629777 8
-1218061753 8
-286722746 8
-2126398053 8
-2139692373 16
2145996471 16
1626581038 16
-499956560 8
1422709390 2
41829876 8
-474629942 2
-358217264 16
-870883065 8
-1839300094 8
-1726700531 8
226322936 16
1493039872 2
-82098974 2
-770427450 16
-1710246969 2
2108473835 8
1045488364 16
-184460302 16
-729661501 16
-1469324879 8
1244209058 2
1087911669 8
366877896 2
168524549 8
705290266 8
-1624961410 2
365541201 2
-442104680 2
-1257586267 16
1843917021 8
-1862776570 8
-392678551 2
1350716176 16
-1073115804 16
1106346155 8
-926174959 2
910351507 2
1521249456 8
1668973739 2
-1002400273 2
1472606947 8
178906230 2
-214091447 2
-1433155927 16
1512479672 8
287792473 2
-1384595085 2
221728451 8
-2104598142 2
-139145089 8
336994027 2
1497307293 16
1114121597 8
604658744 16
860927188 8
-719649815 8
937459287 8
-269526616 8
754232795 16
-1977591048 16
-1236712534 8
-1603527344 2
2066576401 16
-1943216899 8
236514896 8
-1548386410 16
1271173379 2
1988740748 2
92634308 16
604423226 2
937472589 2
1489028443 8
-1253761203 16
1012642168 16
-1226088394 8
1067208076 8
-1714941169 8
-151609654 2
1043318930 8
-1998846365 8
-122652946 16
-940441022 16
1549949558 8
179350366 16
-1298571345 8
1427558498 8
-843286073 8
1308866406 8
187832115 8
1195309950 2
-1011798172 16
-142303977 8
605751209 16
-1955263532 8
514843010 8
-2020271020 16
-148673180 16
266177877 2
823815112 16
1439682077 8
1244501172 2
391039573 2
-2051184009 16
907152099 8
-1597642986 8
-1891981741 16
1575367398 16
809359856 8
-900491259 2
1821808645 8
870382772 2
349255143 16
939772784 16
-1976427298 16
-2140523465 8
508061361 2
-322968321 16
1672952244 16
-986166263 16
-1815026193 16
1901889922 8
566684718 16
627531382 8
-901444895 16
1112206936 16
548837896 16
782134033 16
139334313 8
198525055 2
190647710 16
-998093837 16
-1019421723 16
-102640549 8
-632531974 16
783578880 2
948135478 2
1540100360 16
1729618175 8
-307743945 2
-868229238 8
205858641 16
-471159575 16
1482746921 2
1909395992 8
1995640083 16
-1515925977 16
-512300127 16
2050468781 2
610125948 2
-1562314058 2
-1804003053 2
-1124499455 16
295587181 8
-617542369 8
563356018 8
1849283439 16
1903680239 2
793404789 8
1722099624 16
-882374678 2
624574714 2
-977663659 8
2044747910 8
-664142968 8
-996792372 2
-152998182 2
1358042565 16
1040082654 2
-1962246373 16
875544152 16
887831414 16
-63628845 2
55124487 8
1836785298 8
430395517 16
411019486 16
1549474636 16
-2074989075 16
62158493 8
-1029428401 2
-650970369 2
1615264490 8
1116757625 16
-753606806 8
-2124968640 16
2105275009 2
1838605113 16
367407270 2
-291836356 16
-2081646276 8
-503174992 16
-1308830308 2
212818362 16
-599564872 8
1305234705 2
697064222 2
-1557224965 2
-589633478 16
1677672949 8
-237505132 16
-987189511 16
-815538455 2
-474026810 8
1621744408 8
-1124705778 16
-1659071149 8
1637313688 2
-1513447266 16
1477408865 16
1060476870 16
-1068008679 8
224899454 16
1142744004 2
-282055819 16
1582328420 8
-85167865 16
-1248482907 2
-1876531562 16
-926568390 2
-1721651627 16
-12805253 8
-854788910 16
-796469333 2
193647052 2
-1582351295 16
1010840618 2
-1805019965 2
-1655066770 16
-751915323 16
1757761837 8
-434049732 2
-1631662802 16
731565096 2
415461629 2
-835242909 8
-381045538 8
1650430803 16
1522455656 2
-1810076939 16
827664415 8
1501339453 2
-320210745 16
-1088752214 16
-1373883012 2
-223150769 8
980300505 8
683606736 2
-1913207675 8
652155999 2
673831787 16
-45808213 2
-2108774084 2
1805505813 8
1584766463 16
-329827927 16
1785037307 8
1274800024 16
-1661504784 8
992948893 2
799617824 8
-1693213673 16
1659738759 16
442256102 2
1175315034 8
-388241492 2
1653095214 16
146155622 2
918649080 8
-203910622 8
-988917388 2
1355385718 2
-1177512634 2
-935204156 8
-525891758 16
1620069259 16
-1170176053 16
-381473505 8
-1774256465 8
1656931090 2
1896132389 8
-1893781284 8
-1681277204 16
-1595931195 16
-1072853326 2
1277764456 8
-1625766724 8
2109371035 16
579031759 8
-1071582954 16
833602797 2
1853532307 16
409389842 8
-137123120 2
-299139204 8
443197106 2
-1618951229 8
1492459190 8
-1782818660 2
-1619337535 8
575680024 16
-317181386 16
1050001905 8
466739960 16
925750492 2
-1958859064 8
-1052134826 16
241138951 2
413468655 16
-1619096979 2
1656182917 16
32900768 16
-1981474036 2
-417493293 2
166664062 2
461894371 2
-1891195200 8
328777622 16
1852957682 2
168915531 2
1221296030 16
206281678 16
1166688536 8
644579960 8
-88081237 8
1767459693 16
-2015896699 16
-1527190799 8
-422215881 16
-483014805 2
-143925049 2
976276281 8
878275321 8
1165064956 8
-764905754 8
-1019400640 2
-1087274033 16
1484236280 16
1295649437 8
361209676 16
830621503 8
-1352652434 2
-2052131083 16
1934246738 2
-80362602 16
2087297175 2
1927248094 2
1535090575 16
664631270 8
-1341622860 2
-631554780 2
-1153824563 16
-1154911978 8
553692008 2
698962458 8
1869058741 8
605356242 8
-827443746 16
1258402284 16
299965839 2
1932113710 16
1378292128 2
-2101754699 2
1452910968 8
1194217905 16
-126378501 8
1193981070 2
1260631174 8
-1906153803 16
-790797756 2
2061826829 8
1239326764 8
-2046667742 16
1846170712 8
1542525893 2
-1420382008 8
1114273875 8
-1662141753 2
248354626 16
909929050 2
751840158 8
-1515336252 16
1753060117 16
540857792 16
-315067750 16
996621967 2
591979527 8
253963308 16
-330118105 16
564330280 8
-228338518 8
660366071 16
1474800493 2
2112822889 2
1134256556 16
1691960373 2
-1912434171 2
-1507598419 2
1793535415 16
-719113426 8
1212188748 8
-178188990 2
149603823 2
1666265668 16
-308187410 2
-1949908720 16
-569050779 16
-1593634755 8
-1971249804 8
1555259150 16
990195694 2
1994260420 16
-1604059785 2
960864463 8
-907542659 2
2141960635 16
-522189333 2
-2143851453 2
936291233 8
-1037769523 16
-1738213301 16
420402655 16
210689326 16
-1515845061 8
1534056695 8
-1696821248 16
293972591 16
-487726233 16
1561642477 16
1216626942 16
1915409279 16
1584643550 2
1609906469 16
-1472166048 8
94522401 2
317237839 8
-1009027998 8
2049146392 2
-244488600 2
-376862378 8
-279396777 8
8289822 16
1963295987 2
-555620588 2
-2006500078 2
1319563504 16
-148471010 16
-2099249423 2
-1522096933 8
-2009475370 16
-1807209665 8
-1098166359 8
1123481682 8
-327335583 16
1575833896 16
-1655752078 2
923219545 16
-270617054 16
-563381957 2
1831577689 8
-637189120 8
-1256459030 8
648412669 8
-383881332 2
2080586171 16
1765358515 2
1793076033 16
1329401195 8
-471719437 16
-26533869 8
798183985 16
292630591 16
2094797656 8
1845902583 2
-1164924379 2
1535264301 8
-1207249495 8
-340118969 8
2057617201 8
1310293251 16
-1659662694 16
454750516 8
-589031002 8
-524541951 16
467464639 8
1518485937 8
1234262735 2
-375107413 16
-1161916633 2
-1629544385 16
540721755 16
-1670896343 16
-1437837259 2
553364392 2
453893952 8
141410116 2
1667604659 16
2066302004 16
-52033115 2
-493725341 8
-740368059 2
2074555908 16
-607082096 16
-174361556 2
1209966582 8
-801725352 8
1506665742 2
310475182 2
-1065115510 8
-724098462 2
877455556 8
218456205 8
-1093724793 8
223893501 8
-1933068648 8
475569077 8
611615386 16
1045538997 8
662910826 8
-675230449 8
886671366 16
-919926061 2
-139473561 8
2074909037 2
633634615 16
511598547 16
328352975 16
846836937 8
-861757912 16
1407031230 16
2031285471 16
1174264913 2
1440096100 16
-771728065 8
-782457993 2
1322415589 16
993432263 8
-828845469 2
346387428 8
-1535455761 16
-1706341398 8
-1032901597 8
-2005092114 8
1544433235 16
-741903007 16
-224132557 8
970402966 2
-834651238 16
159648073 2
-1408247429 16
-991146473 16
-1048361022 2
-551518439 8
1301997163 8
-1655546369 8
1014767819 8
350618995 16
1171551755 2
976223716 8
-498446893 16
-32224449 8
-47757935 2
668142479 16
338289214 16
-2101201802 8
-1708940377 16
-661484596 8
-185917766 2
516724690 16
197780994 2
-1121089170 8
-1077430891 2
-874984087 2
-705171888 8
-343041980 8
306572570 8
-330315519 16
-1197914766 2
1641921048 8
305817486 8
1161425454 8
338878594 16
-1131561578 8
568665269 16
1815788068 8
1315898332 8
-493333907 8
-1554519529 2
-1039204180 16
-1532952491 2
369936626 8
-1192055104 2
-6920805 16
1977211301 16
-320161832 16
-1377950071 2
-1205492017 8
883618820 2
-335933982 2
1888611378 16
-1312035972 2
1230800349 8
1357376375 16
-1434913852 16
-1829041379 16
1949515591 2
-834970035 16
-359505713 8
1657568765 16
1168422054 2
1167607657 16
1328569766 8
1286078342 2
1073419540 2
-1817203031 16
1635362228 2
-1565325729 8
-2120876470 8
-805365263 8
1243941081 2
-1289846562 2
1900026347 8
497985471 8
1943684106 8
-541804054 8
-877115878 8
-899431161 16
1607435758 16
-1538882098 2
-1248622546 2
348990919 2
-1778654551 2
1034601475 2
-1280283268 16
771623179 16
1129228320 16
-765983726 16
-20265338 16
-1477378183 16
-535218314 16
-1986099211 8
1664151 8
172531579 8
1045699355 8
1140411603 8
2118676478 2
43774494 2
1079650732 2
127673516 8
90500106 16
-349098628 8
2084216119 16
506445464 16
-2087172861 8
-1958510589 8
739911026 16
-1436403973 2
1208167480 2
-1391957981 8
958168931 2
1197006551 2
-396430215 8
-911864495 8
-16347830 2
993296415 8
-1145925529 16
-692402023 2
-1789911629 16
-673570323 2
1090654949 8
-1725241249 16
-695100810 16
1932838710 8
1198794886 2
-262016184 16
-315305072 16
-651638791 2
-1314391505 2
-620411789 16
1342451021 2
-1418310758 2
1299294710 8
1640243076 2
41581269 2
322922154 2
180590897 2
-654474083 8
-1894064562 2
356172459 2
1165781255 2
-1485190353 8
1069900646 16
1354387342 16
294508426 16
1529161676 16
-169957224 2
-493333718 8
1553756367 16
-1197852093 16
1771611997 2
36070048 8
-69120117 2
-583995020 8
70921062 8
1531677996 8
2087332406 8
-757321840 16
634610354 2
-584750210 16
1313774837 16
2087151126 2
-1064364468 2
-584723991 8
-1419355679 2
-51099141 2
279565878 16
-799107701 8
-1215892746 16
307190333 16
466146206 2
160058343 16
227016534 8
1638209656 2
1908651915 2
-1702724108 2
-1363158657 8
1377718145 2
-267728811 2
-1639160775 2
318738093 2
-1440607269 16
1499589797 16
-2028050116 2
-994019249 8
-335300749 8
-447650045 8
-1773448647 2
772413410 2
2070398398 16
-23585205 16
-1622421800 8
102843789 16
-899700765 2
-1856428503 2
1768791618 2
-1507883871 2
-689385223 16
638741232 8
-266598678 8
-624113490 16
-1169345134 16
940275575 2
-310627416 2
-1515385992 16
2051264357 16
-136993876 16
-1067934971 16
2066402347 8
143516755 2
-1368878495 2
1015205908 8
-560904111 8
1818741087 16
-835562993 8
-762387294 8
-477787652 16
-628883518 16
-1051725594 8
-965909930 2
-1122292472 16
1920716271 2
647005204 16
-106796782 8
-954425229 8
1674959795 2
855578150 16
1237776575 2
-1231300186 8
869014293 8
2100916282 16
-475239822 16
-1270539051 2
-800615901 8
-1470520742 2
-937510992 2
-490125039 2
-407842170 8
-2065977480 16
-66781016 16
-447729495 16
621722223 8
-500440975 16
-1697000300 2
-395048347 2
1055384788 2
-708616948 16
-1345249371 16
-1766280588 16
-1535652876 16
1226368680 16
-358468958 2
-1692911830 16
-318847903 2
-125999496 16
-1144602701 2
761152537 8
-1520648209 8
353716030 16
418803025 16
1633837524 8
-242961203 2
1179694797 8
1963724985 2
1489839058 16
601105544 16
-1928252578 16
1031873379 8
746378072 2
-46779366 2
-622742357 8
2064858688 2
159106325 8
323662811 8
-940031426 2
598065921 2
-1399405962 16
-917856003 16
-1582350550 16
-138444003 16
2032327419 16
-353463451 8
-1712600081 16
1222175130 2
1851299729 2
1981847140 2
425604028 8
1318346653 2
-1230703843 8
-897233989 2
1819931882 8
1500738980 8
1577952064 2
1197030744 8
-1415838048 2
336772394 8
479987100 2
-1312160730 2
1914920807 16
-685531214 16
1712041684 16
-31860201 2
1357601743 2
-537403654 2
-1480968383 2
-779575719 2
-1970634979 16
26698664 8
1916771979 8
-70211013 16
1018371792 2
-1525708813 2
536929520 8
-366520678 8
-1769313359 2
-1162649278 8
1968418928 2
-1501845779 8
1633458218 16
-115728509 8
-102256938 16
-1249611036 16
803863870 2
1302905050 8
-2125427981 2
1098818936 8
1677956995 2
826387360 8
1443814461 2
-1589627631 2
2035128421 8
1742149177 2
1687623647 8
253003835 16
-482654349 8
-423863579 16
-131786307 8
-717225385 8
-54767417 8
495752781 2
1171344208 8
494924429 8
442007278 8
-13059104 16
-1098527640 2
658802986 16
550874196 2
218886954 2
-1335688004 2
1390247936 8
911158554 16
-818122262 2
-1962613163 8
-153418328 8
-1545228319 2
-1910974208 2
280334387 16
-1872919974 16
-1683318629 8
383990200 2
1678886446 2
-1252184760 2
-713970424 16
1294465171 8
-304718716 2
1206541486 16
2042245893 16
-930244063 8
-1475399320 2
-1658990022 2
-454045718 16
-990479254 16
581631133 16
1776037210 16
1418750438 8
-1038070418 8
-2122689106 16
604032194 8
752065248 16
1356918552 16
1790073193 8
247699586 16
-393074619 2
-1899813211 8
-1613372375 2
-6919916 16
-1735607165 2
1117146917 8
-1769576996 16
-2084771846 2
-380967026 2
-1972627848 2
1693623663 2
1861232571 8
453522152 16
-1269833409 2
-699713619 16
-1414854736 8
1021773799 8
932152075 2
449287385 16
1414277336 16
-1764894055 8
-256721865 16
934794388 16
-791716673 16
1190747666 8
-368154682 16
-559336909 8
-224515624 16
-560802661 2
413005535 8
271938960 2
1356287963 2
-1541882115 16
-624160967 8
1870552052 8
489240537 16
1524038812 2
1727847152 8
601661105 8
1622384936 8
1980257915 8
-1577505140 16
-518563707 8
-1905911055 16
454252829 8
1747090123 8
-1998344592 2
-1014771484 16
1100974310 8
1123468883 8
1496148748 8
194654051 16
-1603295449 2
1411906345 2
908912290 2
-1994228761 16
-1142318036 16
-953596172 16
-1834760192 8
-455339902 16
-995462880 16
-808818770 8
1224932096 16
-321420868 2
-1763217067 2
-1107874972 2
-719642109 8
-253994593 8
618981641 16
1869251083 2
406457393 2
-2107793733 8
-712601127 8
195928775 16
497952925 16
-1508042013 16
-1968150673 8
1355732192 2
-802667353 8
-215130359 8
-1494315071 8
1318176688 16
233348083 2
-2142236005 8
-619387123 2
-1921460437 8
-1494811026 2
-1734688145 16
751638579 8
358105247 16
686727301 16
-1314987518 16
2127468859 16
-567053870 8
1484873233 8
-1212910750 2
-876200510 8
-670379388 2
-545133588 2
-301992178 16
1410476312 2
1699322136 2
1888923507 8
-717429880 16
231279623 16
4809884 2
1122751705 16
81458921 2
-1407115440 8
686427713 16
-1449721338 16
665986932 16
145759624 16
-797875679 2
1431461592 16
1619214672 8
-1448854682 8
935759823 8
541031746 8
-1234451534 16
-499404325 2
1877565137 2
-548166700 8
-917046541 8
1535866412 16
-1571883131 2
-284635064 8
-2008496454 8
-1893872762 16
-943781977 16
-2008023365 8
-796006808 2
-807946698 8
1527724785 8
-893266709 8
1054009602 8
-1659055816 16
989928208 2
1372186918 16
1896953987 16
1915417206 16
226082772 16
263240335 16
794737353 16
-768465950 2
-1402985723 2
1591385013 8
481540592 2
1295404173 2
-578118252 16
969649629 16
1405257221 2
1391932171 16
-285335567 8
-1100800906 16
-440502499 16
1544550248 2
-1989497500 16
-896958370 8
1227083235 8
-1505523955 16
556363258 16
-694091664 2
-383785480 2
-1485690031 2
-2121625803 16
-788942054 16
-2101673629 8
662803278 2
-60802642 8
-1701851260 16
-1796419911 2
-1287061703 8
-828121473 8
1766241865 2
-1818933880 16
-868868539 8
399981576 16
965857508 8
-1816933147 16
1150679169 16
-447486374 8
877154041 2
252877596 2
972923241 2
-729439611 2
2010903035 16
190691308 16
-1776067430 2
-1685492659 2
1611425777 16
-982032839 8
762767394 2
261736364 16
1820852451 2
-4835792 2
-1465036171 16
-1155892569 2
-1383811458 16
2118567835 8
1965959766 2
119867398 16
-1849621787 16
1122183599 8
1960892057 8
362041045 16
-1303013802 8
888893587 8
498291545 2
-961089991 2
-440370658 8
-63463535 8
-925044684 16
1254153338 8
-460828233 16
-1858113274 2
817566577 16
11681582 16
1848679449 2
278344303 2
1121556160 2
-1806131226 8
1654548245 16
-1832755509 16
39831152 2
-1688098263 16
62051560 8
327380399 8
221305530 8
-355973768 8
-1274234781 2
-1977869086 2
228194321 8
1675331544 16
-1077611529 2
-709825012 8
-571367000 16
-974433398 8
423998982 16
-52918477 16
-437733544 2
1546885360 8
-843055136 16
1771399638 8
1353499253 16
5861369 8
-143085442 2
1594365165 8
-1320380429 8
-1243391396 16
157254713 2
-1707807872 2
32761335 16
888656830 2
-1757174319 16
1560317505 8
320991388 8
-702119531 2
-357109065 8
-979411219 2
726084210 8
-31013294 16
-1754298145 8
937156839 8
1158396587 8
1002060177 8
-1975538509 16
-1721196124 2
-1243978690 16
-1940064723 2
1548822530 8
809904235 16
-455682340 8
-49288288 2
-450955801 2
-1781094352 16
1259501448 8
-1717009702 8
-1759584737 8
-435734999 2
-122726494 2
2119600446 8
-1964884497 2
886833337 8
676709319 2
-1845026089 8
1505619204 8
-269785614 8
-325552171 16
-2144308473 8
-571273544 2
-1342042846 2
-697536486 16
1247355154 2
298163434 16
729363508 8
-1648324227 2
-1441239222 16
1239368640 16
-1143329540 8
-1172469935 2
1059837155 2
-1087728791 8
593751551 16
1041065483 2
999878792 8
-1216758882 8
-297802268 2
109216498 8
620440351 2
2074138776 8
-1921344854 2
1139134376 2
1207035770 8
622664543 16
1919717839 8
1460204636 2
-1564473610 8
-1613372764 16
-198337007 16
-1998012226 2
-830659493 16
416653089 8
-1979809448 8
380681256 16
-1253872678 2
116801227 2
935426769 16
-1092208703 2
745755806 16
1330003113 16
-844154477 2
-604560944 16
946044642 8
1057895596 16
-410474377 16
-2030845923 2
1072461687 2
907882992 2
-756444420 8
-1836828228 8
-1675317515 16
1007526198 16
-1974453048 16
-535021872 16
417810948 16
1561674757 8
733745166 2
239217613 16
-801157920 8
-1871066023 2
-189597868 16
-470807697 8
-1513627934 16
-65049447 16
-538645100 2
-1119149175 2
2136383156 2
1948891575 8
1919518566 2
-323940429 16
-1361569291 16
-478229815 2
1087461668 2
1795048929 8
-1646997437 8
889645888 8
1707885512 8
2044890361 8
1195118164 16
2048901982 8
200381249 16
856879217 8
1051935886 8
-835768530 16
-453317786 16
1612667090 2
-1369153807 2
-943699233 8
326550686 8
-1300184963 2
-599214570 8
2019737284 16
-1806961167 8
-1799877379 8
-2041589448 16
1270442455 16
1568212014 16
-1634364161 8
2093552969 16
1748215657 16
-1761891319 2
156187597 16
1854807473 16
-1168116981 2
-866457966 8
-652574251 2
-601810860 8
-73700769 16
513212578 16
387544195 16
-1344844528 2
1394562117 16
659371255 16
1141956926 8
1568620514 2
-139569088 2
624319229 16
983931219 16
-1646704062 16
557513798 8
2010380585 8
-903876408 16
-548834280 16
253887121 2
299444497 16
-594294023 16
1713482207 16
1289984560 16
-1344813219 16
-1892050692 2
421394379 8
-1089781976 8
-945136572 8
1076677934 2
658309537 8
376843089 8
1765292512 16
1181005031 2
-1424116625 16
343257601 8
1454231452 8
-1514228857 16
-1096313393 16
-1962766833 8
-1363910252 2
-204301358 2
23735345 2
1518901691 16
1668177520 8
-267130840 2
1758274710 16
-41224390 16
-32429383 8
-1185963713 16
1239905167 8
-16317980 2
409123834 8
-1531952726 2
2053670964 2
-2102716560 2
1788214908 8
-372921606 8
760113114 8
1521976625 16
-207006124 8
-1088022171 2
-506698191 8
241584765 2
833010477 16
1766680702 16
147064955 2
-1833691012 2
1771397787 2
375008725 2
10154012 16
-1796035279 16
-1254446009 2
-285630466 8
1399745357 8
-146143182 2
1384171513 16
-1011932837 16
-137881411 2
-613991652 8
-248679851 8
-998512050 16
-1626526409 16
1947443459 2
-1289675744 8
-1398238989 16
2095875086 2
-172448119 8
594829223 2
513738552 8
-534925558 8
1471329295 2
35436299 8
150931961 8
-1809302937 8
-403611314 16
1881917004 2
1552750450 16
506003104 2
733413465 2
-758457007 8
-1106051876 2
-584972299 2
345874189 8
479237512 2
-54563327 8
1020986414 8
-459888952 2
-538478835 8
-1650168847 8
1542998745 16
1216359576 8
-1281232074 16
1093781831 8
145732156 8
-2050915067 8
-1875241443 2
-303995945 8
1016144757 2
-1400598677 8
281833883 8
1618116204 2
-40559918 16
820599232 2
-442111223 16
-340961220 8
-32132049 16
-2000597388 16
-1162716490 16
847870046 2
1631484572 2
-207904685 2
-515383431 16
-1283896806 2
800565456 16
66103498 8
938683301 8
-1894905967 2
-589419333 2
1768857609 8
-1590783228 2
914547831 8
443977196 2
-1836200661 2
-25482434 16
-1114665402 8
-1366551747 2
1504345360 16
173506203 2
501572144 16
605038376 2
854499162 8
-1480032289 8
473594602 8
-193006367 2
-266540825 16
-1438148687 16
-401050737 2
1013241862 2
1763389314 16
619765551 8
-2102671668 2
1486598500 8
-241547945 16
-833979785 16
455425099 2
-134325118 2
-442777310 16
1209386231 2
1143089647 8
695165515 16
-900643847 2
-1339020241 8
-1932548843 2
-1178379317 16
-1945314793 2
-1209446653 16
-1230637478 8
-544828553 8
39638519 16
1303688731 16
-655737275 8
-600467782 8
1552335939 8
816712697 16
-126590265 2
-802712828 2
1275156655 8
1179582285 16
-53751461 2
1163933407 8
816653210 2
2052276186 16
1361650655 2
-1144370811 8
968963739 16
-248817670 16
2016911525 16
-1985295072 2
564396817 8
-1896514904 2
1040607440 2
-1008854790 16
875255858 16
356345915 16
-795953486 16
-1126411525 2
1334178102 2
-1146694529 8
-1112479958 8
879332114 2
1086192109 2
2022280060 2
106120836 2
-340952283 16
-168648470 2
909831918 8
293530574 8
1838022147 2
1562945520 2
-1108870459 16
-1657526461 16
-2096490039 16
1708202473 8
-1213876372 2
-752554593 8
-363975160 2
1512410482 2
-195868961 8
1000236592 8
-339951940 2
775820237 8
-1588524709 2
1855246010 8
-40207990 2
-1206811287 16
591118716 16
1917072134 16
1903989822 8
-1123976328 8
-621101900 2
1115186950 2
-273244100 2
823347807 8
1710119009 2
-694105410 8
1992187056 16
-214867551 2
2125619826 8
438447817 2
83058933 16
-957390371 16
-1521127622 16
-1974466750 8
180144848 2
242282130 2
1087357314 8
322591573 16
-2024177877 8
1907983318 2
-1541162642 16
365498168 8
-2082830340 16
-851919249 16
-1285495960 2
1994003326 2
-521468214 8
-691278315 2
-1919300644 16
566081196 2
-2012385533 8
-1173603015 8
150147050 2
-1702426766 2
575437370 2
623817267 8
706181011 8
-1234943743 16
-629497073 8
1010706956 2
1173531311 2
-251552270 2
542164521 16
249244084 8
835060507 16
1913673829 2
-393819958 8
-612398916 2
-175703901 2
-1512652112 16
59043744 2
1899021139 2
592857189 16
287150019 16
-2077122768 16
690445150 2
170764450 2
-27942583 2
352824716 16
1838466290 2
1366486213 8
946111167 16
-1262945552 2
-646647104 16
1434108784 2
644638739 16
1856178138 16
1728643878 2
-1087398319 2
434878098 2
-927510114 8
441099166 8
591398007 8
336710724 2
-1120628527 16
1515638172 16
-1758088166 16
1076467402 8
1934609596 8
1557222422 8
-107962372 2
85325439 2
763163349 8
-856899895 16
-758401471 16
-432903943 2
1172743966 8
-497119785 8
1313675956 2
-1769868934 8
784382891 8
1495995073 2
1303774782 8
-1571596475 2
618332900 2
605795965 2
-923367021 8
-553466535 16
-356026093 16
1460900162 16
1197731676 16
1870035011 16
138395786 2
-541014633 2
1238033825 16
-1449862823 8
-1903985454 16
453447702 2
1726547324 8
894697036 8
203382702 16
-954939418 2
1809100302 2
-484939658 16
-1494977402 8
17820156 8
-510991786 16
-613371398 2
361156945 8
-150641698 2
1383785319 8
666242477 16
-451697017 8
71492108 2
-123465683 8
-1602088524 8
946869070 8
1346654979 8
-304434840 16
17954348 16
1045160505 2
-1837624700 2
-934929599 16
-2130747384 16
1665175868 2
2040674343 16
-2022816125 8
1888333285 2
1795994871 16
-1771284006 8
-440675849 2
432573567 8
-1155807990 16
-2077880346 16
283165397 2
279376760 2
1551800305 2
-1134418441 8
1776796585 2
-2102925013 8
-939885173 2
-1615311102 8
587369823 2
-1912762906 16
-430436181 2
330426852 2
1117173456 2
-1993242894 2
1403121699 16
-1310918044 16
-1979617215 16
-967862993 8
1405728726 16
-1352280218 16
-1886652046 16
-237158771 8
570484777 16
-1934511735 2
820412418 2
204133728 8
489735024 8
396824661 16
1481330008 2
1738423596 16
485577734 8
-166260641 8
-324798252 16
1608134852 8
-1182938984 16
1234215812 16
-333374836 8
-1620254580 8
1366687955 2
1999380420 8
1235324465 8
1502153117 16
-189588438 2
816744692 2
-759657788 16
668750306 8
1447682242 16
-1711040991 8
1034508426 16
-924496261 8
620843508 16
-310832556 8
1952190612 2
-766121386 8
1576877657 16
1515952422 2
151314191 2
830758170 2
-566849633 8
-1391656708 16
721341171 2
300872583 8
-837495454 8
221065681 2
-1602827276 16
352951407 8
917721868 16
682837306 16
48447536 8
19404617 2
653819179 16
-1851932051 2
38899013 2
261890815 8
812229257 8
157854386 16
150874649 16
1342936517 8
-1694071239 2
-1652752646 16
1431431991 8
-1488408911 16
1745612473 2
2006128204 2
322388160 8
437831252 2
1749264530 16
-726035196 16
-2082952216 8
-1129823634 2
-1469638104 2
-1848872979 16
1769353081 8
-813111415 2
1266631402 2
1883367686 16
-6736760 2
-1422430967 16
487769501 16
-1150249433 16
-418278743 2
-1728430740 2
1220442979 16
684638879 16
740666383 16
-805535424 2
1346021573 16
1964734848 16
1511840665 16
110252337 16
1834988742 2
-1887734883 2
988312764 2
1233090964 16
-2033850754 16
-1550851660 16
929793195 16
-1100606569 16
-685490478 2
-1299595233 8
-438849766 16
-764203371 8
-1005997607 2
819065912 2
278361952 2
898171576 2
-542183764 16
-2063286072 2
-22904155 16
-1216450575 16
-573489305 2
-1934828280 16
-1290940499 8
-1474978010 16
-1367054987 8
545490801 2
803480169 2
-1461616646 8
440491247 16
-1594501392 8
-1691929527 2
-1980227915 2
-940099323 16
1280018259 8
230090691 8
1988535847 8
-84443877 8
-1656698137 2
-1087305921 16
-1810615971 8
-778174128 8
-1247495505 16
-1120398558 8
200441463 16
-1401417763 8
286113544 16
-678603010 16
618860978 2
540493413 2
87470269 8
-462466895 16
-750123658 16
-551749786 2
-382038610 8
-1535157617 8
480475131 16
-55273185 2
-1617015408 2
-1013300042 16
-198190748 8
1436280014 2
1324237017 8
453612386 2
568193594 16
-437688157 16
-1343702984 16
-1083602703 8
1443724940 2
1381700310 16
195885276 16
1848925878 2
818317353 16
1179077496 16
1020669360 16
-93009225 16
-1583074510 8
418025322 16
-1346141067 2
-194606982 2
-9899548 16
-1091569145 16
-155706758 2
-1644249942 16
1116662156 8
183232200 8
-539808583 16
672866043 16
442459184 8
-2129794162 16
-145783707 8
-257671880 8
-691724847 2
1859815283 16
-800080391 2
-1739493642 16
-540358525 16
-164459163 8
-444986204 16
204024238 16
-1737985412 8
-1438965786 16
-723487986 16
-1980067421 16
1756558463 16
580420356 8
1167781040 16
69543103 16
-415279031 16
-1785170513 8
1096795142 2
1221282329 16
2083313577 2
1577908991 2
2015376438 2
202480025 2
1840646240 2
411720395 2
-413975657 16
-1793798737 8
-1020454868 8
462681922 2
-382142906 16
-1176787785 16
3597585 2
1324230957 8
1786015368 2
-1979405268 8
-790461985 16
-1069797460 16
-635912913 2
1582821644 16
1894168688 2
1752111272 16
580772610 2
-837640281 2
330998815 16
-85531219 8
615503662 8
442202497 16
641121189 2
1905641151 8
1783078569 2
1874371756 8
-927309514 8
-378435946 2
-910792029 16
-993911185 2
1170320135 8
-74816480 8
-19057128 8
1776184338 16
-2079605948 16
-1789777158 8
1663194151 16
-1566236938 2
1631801869 2
-269617226 8
557453143 8
1267154561 8
-762410421 16
-219016096 2
-659711904 16
-1202311061 2
-850158751 2
115041530 16
966898883 2
504519578 16
223878189 8
-721408348 8
1150574067 16
722218648 16
-1233130122 8
-740665021 2
-304456598 8
1275963865 16
767298918 16
872166954 16
-1465600882 8
1036459335 2
-599655355 8
2050443193 16
969469557 2
701430702 2
-1210165985 8
1252508751 2
-152923365 16
1967450785 8
1719605250 8
-1213423561 16
1731946502 2
1577362565 2
-1214268088 2
-10869673 2
1984703529 8
-1155490898 16
-817674206 8
1455203117 16
1946291787 2
-1346751517 2
340399122 8
1319245366 8
-2089839103 16
-1600627554 8
844681761 8
1488042785 16
-663797467 16
415012827 8
-252948076 16
-1609917454 2
435440120 16
623619019 16
1762809661 16
629168820 8
1958560568 2
247259750 8
21174779 8
-1838173243 16
1723525163 2
1979051023 16
-377249775 8
-624801353 16
383236196 16
-1993057038 16
-880499300 8
1616612130 16
390005643 16
-2059283936 2
942084287 8
668702371 8
-1502494497 16
1285460389 8
2003480019 8
-1191314434 2
1119495140 8
-554777833 16
-887025841 8
-1634931218 2
-1239732097 2
-1540851050 8
-203023532 8
-1813362047 2
324835230 16
446410096 2
-484905365 2
1054192412 8
-1725802735 16
1239621303 2
397449408 16
373363843 16
1100048421 2
172625732 2
-1302690773 16
310225209 2
117717196 16
-256003528 8
1263089739 16
-1763542141 2
1706086517 16
-923534495 16
-510068655 2
2093155261 2
-1392003329 2
-1355491672 8
-1926386514 2
1511113170 16
593215056 2
1087640968 16
-1503827056 16
178266563 16
-1143716791 2
-216147601 8
355283505 8
-1501219257 16
838848387 16
538701189 8
-1884289514 2
1083377747 16
-1395582545 16
-440834057 16
-499675413 2
1723877033 16
201367265 16
593464110 16
-482425665 8
276803024 2
-1886657843 16
-2093818620 2
1861898180 8
-550209310 16
918473199 16
1948213817 16
-1961845612 8
-628590672 16
775472218 2
1145639942 2
-1933624988 8
-410026970 2
-584344633 2
-661204633 8
-923187301 8
-1241616621 8
-1362661585 16
-1501522887 2
611182575 2
839455994 16
1947651820 8
-747306927 2
-790707065 16
-1523735020 2
2023676861 8
703663832 2
-169235234 8
-1413636956 2
-1583664822 16
-1273761164 16
-250771155 16
-1579104758 2
-1356201039 2
1894364380 16
-1124356497 8
-1597135429 8
1412185121 2
815094895 8
616911961 2
1217021914 16
-43825089 2
2007069846 2
-1417806674 16
-36208404 8
1360135160 8
-703296362 16
-1399530999 8
60410740 8
-581063946 2
2127460685 2
-346539277 2
214237146 2
1773902275 2
-1563491207 16
1044136274 16
-1532602238 8
1139721173 16
-1063773614 2
1638757817 8
2008343518 8
1544211752 16
-314689381 2
1285852683 16
467402356 2
-903610034 16
-1328332688 8
-1119189448 16
-659576463 2
-1000673059 2
2035397443 8
1232070216 8
1075439898 8
1428738327 8
395481521 8
-1314313108 16
1703608290 8
839620629 8
708267660 2
1368198043 8
-2087357366 16
-227156914 2
-232310325 16
1955379846 16
1650378241 16
-1301607244 16
-591566451 2
-1093166551 2
-778343641 8
976558793 16
1590256285 2
-1238122697 2
-1212576509 2
1185709237 2
-1266103607 2
615830357 16
1644841307 2
1855723006 2
-866257525 8
-1373149574 2
623478374 16
1756357429 8
1533194418 2
-9733965 8
-677433967 16
832640742 16
1503360039 2
-2121670652 8
-358635861 8
1887658633 16
-1727943651 16
1170279238 2
167948630 16
-607518087 2
22780311 2
1844823948 16
-1956290632 16
1430629655 2
-2104233023 16
1822913368 2
-117499446 8
-228268798 16
582163553 8
607052277 2
-1252545999 8
439340383 2
519879716 2
847149539 16
-1112500531 16
380218204 8
367570428 2
-1641427846 8
-948427694 8
-1332450640 16
695268567 2
811377181 2
543927225 8
462008753 8
1777290729 8
-914241281 2
1522378548 2
-340273516 2
1853159984 16
-1593150508 2
-225326337 2
-79384688 2
591117031 8
1695363457 8
812475031 2
1192104243 8
1030675445 2
395020746 16
-171645976 8
1192098040 16
1608673359 16
-1205321464 8
-476741469 2
1967463293 2
-829024903 8
-838448983 16
730857664 8
-1166702773 2
-1352922194 8
336759989 2
1371082582 8
-2116836849 8
-1543863867 8
-254223685 16
-2017807223 8
1507241897 8
673488629 16
-1506328132 16
540992586 8
-334643090 8
-1880459015 2
-430229635 2
1393268736 2
578833001 8
-997791944 8
1885661357 16
-336200348 16
-1056613965 2
157292660 8
764038301 2
-1384985340 16
-945904366 16
-685707382 8
2045137409 8
1867837542 8
150813469 8
912631342 2
357578933 16
-1520651048 2
-1553867991 16
2143665202 8
1256904518 16
-1024051152 8
925923221 8
-1880606824 2
1057791874 2
179804153 2
310131259 2
-2123057734 2
754863810 16
-985722273 2
-343713427 16
1885884723 2
-780468776 2
1149431677 16
608391503 2
601582815 16
1620619506 8
-1790347665 8
518000384 8
-891978086 16
-1289317714 16
-1223486675 16
-1838956896 8
-1809347395 16
1552921052 8
1654970945 2
-1389766353 16
927991696 16
686287783 16
299673587 2
-476724693 8
-1738561042 2
1076064057 8
-755358070 2
1980596918 2
-220833888 2
-372073344 16
898257720 8
1624944594 2
216364057 16
-1509016424 16
1570494379 16
904364759 2
-1862001157 2
330554808 16
-1612751132 16
819316111 8
-197116075 16
1432725977 2
-787256340 8
-1964095643 16
497063691 8
1439978289 8
-1305701541 2
-1514978800 16
-564059817 8
1400233367 16
1189370827 8
1574824667 8
-820619221 2
1091411520 2
1794487647 16
-164869597 2
-1447856143 8
-509429707 8
-262424299 8
56436587 2
-878774441 8
1793121209 16
-225919830 8
-1135157203 16
375362972 8
299717179 8
-1527381001 2
-1023725907 16
-11705031 8
-1335830113 2
75448051 8
546354659 8
-1909971473 16
-1000585972 16
188899899 16
511911249 8
-1182740440 2
-392638946 2
-1220754069 16
-646764670 8
-1396997456 8
1405220645 2
-950156962 16
129807258 2
1616467906 16
-1616034282 2
1214098818 8
1054349896 16
-986433355 16
1411097889 16
1977369538 2
531908176 2
-1201002395 16
971647267 2
847827066 16
742645879 8
1394162312 16
-934883505 2
1017143965 16
-1504006410 8
-819089562 16
-1843623732 16
1208821465 2
-1374912457 16
-698412290 16
583465719 16
-1409899385 8
988000687 16
21503460 16
10583993 2
915253679 8
-1910789341 8
2095582084 2
-1722316575 2
-861118294 2
1121160134 8
272185107 16
-1962213322 8
-1529532962 2
-1596658031 16
984942132 16
-1879636493 2
-1201052975 8
2145322122 16
-440065327 8
472917472 2
-1648263898 16
-544452360 2
2115291459 2
2106650133 8
22675319 2
-1130665425 8
975336759 2
281503315 2
-1003176475 16
-788510941 8
-1570998320 8
-1318645052 2
861694500 2
2068086434 8
712869223 8
-1867612255 2
2078634838 8
-1964725452 8
-792163963 8
1213910726 8
-89921933 8
-1805173504 16
-733714799 8
-524321468 16
267066190 8
2038873204 8
185627825 8
-1459593542 2
-2065892721 2
-562837946 2
69706300 16
-1063594347 2
-713210598 16
891780400 2
2020006385 16
2059040751 8
139380034 2
-1921605845 16
942533090 16
-1186422210 16
839972377 8
1907016783 8
1868788968 16
-1329547767 2
-645246430 2
570709670 2
-585825102 8
-1768061243 8
-1534463976 8
-1227189666 2
21760892 8
-1427313978 16
721028028 8
-1980906922 2
1800360803 8
820994877 2
-892082615 8
-403823569 2
-1776548910 16
-768253726 2
583432368 16
-1392675710 16
-574900429 8
1796236575 2
770357086 2
1435149895 16
-1645006278 2
-1473587192 8
1319284246 2
-1937609736 8
1892793532 16
1986609683 2
-1926856197 2
-1134277422 16
-787979481 16
53236158 2
1848227211 8
-1720602329 16
-1234260519 8
-1877100694 2
-728933298 8
132617392 8
-205130265 2
820671254 2
-483663752 2
430487698 8
195324517 2
50453924 16
-304911893 2
46871198 8
-1246138329 2
-1298462983 16
2121131712 2
1614200438 16
-1696313222 16
119146876 8
-655767412 8
604900133 2
-1481077271 2
212572710 16
824868240 8
870448699 8
658897763 2
-24126533 8
-1547534998 2
-1086196519 2
-1310187827 16
1925755919 16
-542071812 16
363649468 16
-459309524 16
-1114570769 16
-758448416 2
-243981896 2
-1049308134 2
1949482966 8
827440388 16
588294437 16
1218447811 16
119720903 8
1808845392 2
775405834 2
1981375804 2
1011298872 8
-1273578670 2
-194780211 16
-2016405092 16
-1740799238 2
2056402832 8
-1519824350 2
2045661516 16
-422408765 16
-714442566 2
-1024423541 8
-1562959704 2
804170483 16
2077358573 2
-731115603 16
447383954 2
-1585586118 8
1066002341 2
-192400512 8
2119860372 16
308811067 16
2051431787 16
-1138152883 16
1422770971 2
1838647784 2
-1231026089 16
-1533403938 16
476551692 2
-1169037167 8
1298242836 2
-755337207 2
1822653375 16
37417932 2
1832860180 16
-70502842 8
-1693179533 8
160624873 8
506416738 16
-356552995 8
1750086543 16
-39233595 2
1393879807 16
-814219597 8
-1818416594 2
2130789500 2
-122125533 2
-1572498698 2
-229112869 2
-684469957 2
-997359264 2
1420445507 16
-2014686299 2
549406922 2
-466080517 16
1707612442 2
1093503948 2
-784842657 16
43226130 2
-858452367 16
1739367001 2
1282635849 2
175908672 8
-948811118 2
-830178843 2
1305364521 8
1505305008 8
-408512722 8
262273500 16
1541446562 16
-618676950 2
1809046543 8
-1345766699 8
-1038741613 2
132313041 2
1210086282 16
-2089011163 8
1905426293 16
-562812259 16
-101377218 8
-1562903635 8
1124253762 16
-1515908979 8
599330454 8
-329227083 8
728116772 2
-1583297560 16
1109734019 16
-1072021357 2
-1041822381 16
-1168868506 2
-1777906091 8
695259797 8
862106692 16
-2110555603 16
-140778456 16
2087002680 16
1657113995 2
-799917574 2
-1968481440 2
-1404726556 8
2138773258 2
1990262008 2
744597997 16
-319514661 16
1161945435 16
659696441 8
-979349891 8
-1777787890 2
-456340342 8
-1559740170 8
1996513291 2
-783999326 2
-1237710650 16
1655345345 8
-194134532 2
1410227231 16
1802751368 2
-1874454873 16
-1637683492 8
-1894145637 16
422211648 2
-1497273788 2
-559581284 2
664247619 16
-934741509 16
-97097342 16
197399886 2
-957114435 8
-598939695 2
2130429487 16
-738692966 16
-1122964359 2
-1789294004 2
-2012858631 2
-912220544 2
2091555492 2
-1187049172 16
-941742139 8
1539945272 2
159618802 16
-946910326 16
1626367266 8
-566329044 8
368312200 16
-696744950 8
333385370 2
-555767203 8
-507008937 8
-322699436 16
123313331 2
1045415454 16
-1315521960 16
-1992140612 2
-2004623009 8
542874597 2
1601890748 16
-1668048979 2
1921664108 16
-1356297309 16
-300287110 8
-1453936436 8
-1991416502 8
725190121 8
1595075902 8
-1081435211 16
1782896477 16
1547508990 2
1722622743 8
-370801169 16
-1705040239 8
2126836778 8
-365132959 2
1279804478 16
-405122799 16
1790535094 8
1588122054 2
-1853699232 8
-2130904107 8
1857951216 8
-201328172 16
-1832971624 2
-1205304925 8
-234784447 2
2136741757 8
-256556308 2
403884674 16
-1673070648 8
1594860071 2
2086637215 8
-589067584 16
1814823990 2
1830182139 2
-1132592391 16
777959574 2
933827453 2
-776461371 16
1835085149 2
-1462577012 8
1500186016 16
1506601151 16
-650122656 2
860596799 16
-737462447 16
-642505450 8
1714415695 8
2102749175 2
541789695 16
-726977092 16
76571178 2
-1245730437 2
1352254506 8
502140316 2
1971620737 16
-1739604974 2
780882174 8
1209104001 2
420723752 16
-266236202 16
-1744515279 8
923019787 2
-1078163105 2
416849682 2
910467815 16
1533446596 2
345109512 2
1112170946 8
1352877909 16
-673521863 2
-346223004 2
-1779015004 2
1286664638 2
1720845936 8
-513110849 2
-861191407 2
-724100479 2
1578975110 8
1416573461 8
1469996452 16
-852691254 8
1369832048 2
1305061459 8
1448628011 8
737081001 2
-1295648822 8
-352813739 2
-1289861029 8
132507672 8
654081716 2
-977768242 2
-339294578 8
990305984 16
-990059338 8
-465557207 2
-746683967 16
-1889029669 16
-1885251469 16
-71107671 8
557129712 16
-985992685 16
-1682618418 16
-1518156000 16
-1429781223 8
-2115208034 16
1551920711 16
-1485576730 16
1828346389 16
1960272684 8
-2015441691 8
-1570616589 2
1100841255 2
1194299438 16
753976879 16
-847405728 16
-578850608 16
792314443 16
-1723187971 8
1138032768 2
694101391 8
687334959 2
-862887868 8
1299791163 8
-266021596 8
1400207312 16
1738973516 8
1998154603 2
1547120186 2
749636016 16
2144256176 8
-398417592 8
-2126881278 16
-2138905945 8
1041109880 8
-96593114 8
-1963308696 8
-427427950 2
-1498377980 8
-787717219 8
646372893 8
798455687 8
257248012 16
-1543760808 8
1829850838 8
228915456 8
468967183 2
1375371562 2
-1048684078 16
604840513 16
-1539403695 8
-2041994933 8
1588563618 2
-167837757 2
1134478672 2
699810185 8
-1801051434 8
-1080446206 2
1740354021 2
-1515032270 8
698585619 8
738920529 2
2108657955 2
-1288582898 16
2033815286 16
-1580734519 16
654464140 8
1456795799 2
-1368960089 2
844047336 16
-1136950523 8
1210227443 8
722973209 2
-2025884771 16
-1515141981 2
-1728239125 2
-1470390445 16
-596532027 16
1607852385 16
672578927 2
365041734 8
-1447937588 16
-1042441964 8
-1803325276 16
-54991704 16
2054434118 16
940462900 16
14593582 2
-1008125225 16
1692285258 2
99817325 16
66624559 16
-1551237630 16
-1882106415 16
1587982019 8
1537242589 8
2031920479 16
1898449936 16
859263720 8
1215910409 16
2091091043 8
75274000 2
316142360 8
-1778253864 8
-1472876124 16
2122463398 2
1495242524 8
1408719999 2
-2080481023 16
348227679 8
346165988 16
480820925 8
283246935 16
-1638625840 8
961230870 16
-1199124253 2
751195524 16
648555619 16
-453628944 2
545470883 2
-1561609118 8
-1488814226 16
-469010235 2
1602660895 16
-1232669062 8
-660666682 2
1929391752 16
957888812 8
-1664949889 8
-1161313832 8
-1686797246 2
875008162 16
-1654516432 2
1699987880 16
-1985509098 2
9739565 8
-2125125591 16
-1523171373 8
-1375782429 16
-269072824 2
-147564948 8
-1070430528 8
-1167904966 8
2063974815 8
-1256100528 2
1042172726 2
-1682087427 8
-2139660788 16
-143412914 16
1193166038 8
-1497073731 16
408291356 8
410685038 8
442474657 2
-706666340 2
-29069245 16
117273379 2
788472289 8
1853145161 16
108192464 8
1952028168 16
1685531978 16
-1620405816 16
432557172 16
383773986 8
1532131762 8
892925719 8
-1982088119 16
-1869518876 16
1498446160 16
1357338770 8
1734124824 2
-1025773324 16
1052592899 16
-1263291292 8
-1921977830 8
980515001 2
-1222508394 16
-961275896 8
-17968193 8
1964118284 8
207181666 2
-650146211 8
-703767678 8
-1678179226 8
-1315775032 16
548355407 16
-1312205853 8
1437574494 8
-1528603337 8
136727979 2
1355519636 2
723574522 16
-1651606330 16
-895435900 2
-487390002 8
-1846834261 16
547729201 8
564289376 8
-1005827762 8
1844864354 2
-613458501 8
301283314 2
-1515528629 16
790492988 16
-520215653 2
-1936151415 16
-1685995154 16
-1280527008 8
1329080359 8
-500969634 2
-721721050 8
-1625351460 16
1246517911 16
-1712068768 8
538751443 2
-1301440622 2
2009843964 8
202507760 2
-1081549494 2
449853283 8
571769470 8
-1034882474 8
472133147 16
-1964867967 16
1545613628 16
645425025 16
-212554549 16
-2020726409 16
340929812 2
1399257830 2
1531555077 2
524490920 8
-1549659651 2
-2001774236 2
-791168055 2
407722265 2
1971006911 8
1957221632 16
-2027398435 2
-366684508 2
-6238079 16
-1260799488 2
-1917580695 16
442006929 2
-1113096744 2
2090026952 16
-2121057312 8
1342412803 8
-1992848668 16
1080089254 16
-482966288 16
766230107 8
-1167103283 16
-239014454 8
789350954 8
920297716 2
918244950 2
1140013584 16
638798395 16
1172556612 2
894854870 8
1390759548 2
1466884885 2
-657807765 16
-1559555372 8
-248768073 16
-522221813 16
280809155 16
-2095665420 16
1573905100 2
-1291005090 2
1042117163 16
1799855455 8
-1143783246 16
-1719106227 2
-1041359146 16
646420832 8
1939685725 8
616004367 16
-312352476 8
-1528675030 2
1412178200 16
1336106437 16
420016561 16
1342984247 16
1357595804 16
-1427481872 16
1148902875 8
923341150 16
-1699278373 16
-68347563 16
-428180153 2
-697026735 16
-1467879302 16
1529392983 2
-1657531692 8
-410140120 16
828674878 8
1754011036 16
-143797590 2
1264819861 2
2043053626 16
-628312408 16
1975217455 2
141489177 16
-310352071 8
551603551 8
72586170 2
-1115822509 8
-31848579 8
843093376 2
-978820542 2
1175477307 16
-2064620919 16
904152343 8
24443931 2
987134639 8
139068833 2
629343188 8
-1596977827 2
-1185610093 8
222243201 2
393834316 2
-1514428680 2
-1630811450 8
-210343321 16
1161775222 8
365419159 2
-1853582287 16
-1889926800 16
858655359 2
-1156534298 2
989723193 2
-1806738763 16
-1370383346 2
-789432131 8
836868666 2
-44338564 8
411740165 2
-2013901675 2
1346786890 2
1137485200 16
1025749307 8
-259549017 2
-1452844897 2
-1717370982 2
-1239014255 8
-1672077457 16
1396480742 2
1664353016 2
246789140 8
-1522739226 8
-2079773937 8
-2008132635 2
260048447 2
-150915495 16
2048719700 8
1319150707 16
-1264791391 16
1090939924 8
-389141968 8
-1153316918 8
-148335452 16
-540611322 8
546354340 16
917766643 16
-1829477750 8
-993292867 8
-586453886 16
-1723125472 8
-1048623955 2
-727953846 16
416956367 8
798415408 16
174305412 16
1965764992 8
-303972136 16
-1030774174 16
-73503485 8
1802233068 2
-916532169 16
1848631622 8
1703379797 8
-566678367 8
-763121967 16
-1976375946 2
-413196389 2
590791827 8
244258970 16
1514469812 2
-1781737800 8
-1395030275 8
1210030575 2
-1904840863 16
-2003480356 16
1645341038 8
-884518746 16
19851743 16
1043045932 16
-1113305101 8
-890573710 8
-1123339720 8
-438406629 8
-539682580 16
-607685484 2
-836003154 2
-1069308623 16
-2141117897 8
1669198655 2
-1793474836 2
262102007 8
-810104586 16
-1429593658 2
1155088391 16
494341726 16
-1753695066 2
101954200 2
-711680468 2
1545162306 8
955719550 16
336448779 8
1422339558 16
1569695931 8
-730353476 2
-1176976599 2
1788225507 16
-1318371915 8
1957794245 2
-235523635 16
1547035628 8
564396475 16
705873528 8
722724137 8
-72240451 8
-2001293686 8
1456738267 16
121203644 8
-1487925247 16
-133790793 2
2016270694 2
386368436 8
1468719650 16
574848914 8
-1309199624 16
672250238 2
388006545 8
1242444304 16
327492870 8
1198680970 16
-630696064 16
2006652885 8
748083235 2
138830921 2
2133261657 2
1413786729 8
-1489331723 8
1852077045 2
528457405 16
1543436937 8
-525490145 2
530634483 8
-590202895 8
1122354302 16
-1130824276 2
-1271554427 2
1532196516 8
1640260081 2
2044497671 8
1308616148 16
-466495865 16
-1656060329 8
909191981 2
180036483 8
1498822784 2
56195026 8
-1409013054 16
634358437 16
-756862963 2
1478152087 2
-2017157023 16
385226550 2
-945754913 2
-276321542 2
-1662078742 2
718179540 8
706490830 8
-2076412587 2
217741614 16
-1979014531 16
1847808072 2
-794103011 16
1616754364 2
-1732899971 2
-1586169737 8
-37168774 16
316478746 8
-2014748155 8
-1082707012 16
-1463952612 2
528118332 8
-1784586609 2
-2147163363 8
1944282597 8
-361093853 2
-11987225 8
1549923093 8
1476669700 2
1074217062 16
-2037589228 8
-738486746 16
-1953775935 16
1145595523 16
-749944796 16
-325207195 8
-53644235 2
-500053879 2
-582861853 8
399969503 8
-1064564038 2
433071836 16
1347961879 16
1159036884 2
894354332 2
-1803044101 16
-195618165 16
1367036357 8
-1679354718 8
563823352 16
1781248871 8
1810169495 2
2085299801 2
891965563 16
882630784 8
-1217982500 16
1600028423 8
1334724944 8
-1135380545 2
693936355 16
1298741609 8
253406156 2
10558912 16
1686208530 2
94135731 2
974897002 16
-314853793 16
-752580463 8
-2019332582 16
-878011392 16
764410098 8
-1858774834 16
188980198 16
533862033 2
783683794 2
783442747 2
1041636821 8
-1453723592 8
1843395002 16
964868381 2
1150026001 16
1625657403 2
-512247833 8
-446429428 8
-44093503 2
-1207684055 16
-694445969 16
39771386 16
2017969573 2
-1900972043 8
1328763453 8
372508435 8
763414943 16
1374711613 2
1587861069 8
-1706504255 8
-129237652 8
1462031499 2
-1667030967 16
1620596053 16
2011775744 2
1332022489 2
-643756562 16
1225202694 8
356831102 16
1009761855 8
-2144608256 8
-1914141418 16
-1549132262 16
1481189551 2
-909859111 2
1991136935 2
996316906 2
790634955 8
1162116435 16
-950166176 16
-750670860 16
104849041 2
1189225447 16
811298875 8
1853506422 16
-804817958 8
-791175876 8
-1075999318 16
-255069285 8
-252924680 2
-629513769 8
-196747104 2
-574287987 8
-385281850 16
-1643319531 2
23808261 8
1226124292 2
130885888 8
793038237 2
-322920784 2
-443777411 16
678292474 16
697826877 16
-2080099867 16
-828230882 8
1432208272 2
1852885834 8
-1309995212 8
969078595 16
1504256688 2
1213795500 16
1431606125 2
-710974717 16
644437935 8
-1089679698 2
-1762093242 8
-353413763 16
855106590 8
-806538091 16
-1051972365 16
983847532 8
-964307014 2
260033517 2
-387197944 2
508339600 2
-78729455 2
-1891545680 16
569162953 2
745662462 2
1373407041 16
735450638 8
-818959658 16
-917591427 16
185321327 2
-1044835069 2
-1508408135 16
-343930367 8
-1687562145 16
-450806250 16
-1324112864 8
-731035388 8
1057943704 8
-1363520823 8
-382235003 16
-1175028073 2
1172509042 2
-711192926 8
1121517153 16
-833480436 2
-1962444400 2
974586428 8
-372952316 8
-576696690 16
173113618 2
-996419199 16
-1769759966 8
-381057332 2
-1486689941 8
-2144865655 2
-999458007 8
-148718856 16
1184807431 8
-2098599978 2
-117634145 2
-410292325 2
494441309 2
1103388616 16
-1651801335 8
1701044112 16
1044674832 2
943139015 8
-23846816 2
168497574 16
-978760896 16
-200311932 16
-1814000046 16
1704997637 2
1191533370 8
-1846785338 2
511137862 2
-1345289075 16
31249223 16
-2051794232 16
73826097 8
685584913 8
-282614110 16
1515587722 2
2106488874 2
748637081 8
1048245756 16
-2010623612 2
-196044219 16
-965303041 8
2066765891 2
-190294611 2
2000847964 2
769201546 16
1622000662 16
1255944406 16
-535827987 16
-257891476 2
-233947102 8
1592733271 8
-384464949 8
571251172 2
537081993 2
-2130959181 8
1782319269 2
197463441 8
1148304589 16
-903959080 8
2074782678 8
1511915778 16
1019636654 16
1082525007 8
1933117115 2
1395553471 16
488842353 2
696434947 8
1561824813 16
-476612353 8
1437471718 8
-357076266 16
1469972118 8
583613667 2
759839474 16
1457388824 2
-98172943 16
2091088893 16
-1545796242 2
1598486080 16
-1837804826 8
1815785655 16
1822154824 8
193595721 16
-1057766420 16
-859911265 16
-2040605208 2
343732799 8
226508997 8
-1641968354 16
128833439 16
-1715176739 16
1276614682 2
1065656765 2
-849909924 2
1816364981 8
1932664875 16
-78949752 16
-480309930 2
-1027641871 2
1526126939 8
-1268189761 8
252672938 2
-1709503410 8
-533911889 16
2102923998 8
1287082080 8
-1006387414 8
195760291 8
-1289310300 2
-1471707856 2
-241121379 16
1252480686 8
970641650 8
1183777799 2
1611906823 8
1612765320 2
-325767537 8
1052252200 16
-769360718 2
-78421280 16
1060198546 8
1313974170 2
1917063732 8
1559771234 8
-1250113743 16
556099945 16
580419624 16
813471957 2
507700598 16
-349458023 8
1284975632 16
-782227266 8
412849752 8
-435025060 2
-10334079 2
884910422 2
-1561885885 16
2012301117 2
1202456792 2
712848770 16
1467539182 16
985008410 16
-804652605 8
-1684094789 16
713144165 8
-2071002589 8
1256310560 2
1131043914 2
-1328443735 16
-1128154023 2
-647080575 2
-1086947812 16
-125246286 8
-752004010 16
2032319930 8
-1129426717 2
1947573924 8
733437622 2
-1419767127 8
-1367221175 16
302272836 16
405798387 16
808137234 2
-1513057653 16
727221432 2
-1762165397 16
824382946 2
-1054965777 16
1514787496 8
1714596416 16
-1928115110 16
1768978015 2
-2027322793 2
643788674 8
819244078 16
2103975124 2
701992244 16
1295328537 8
-983114240 16
497688026 16
-459428386 16
-873333864 16
1191897844 16
-164843161 8
-1872923936 8
737387065 8
999272649 2
1582401881 8
1111340866 8
1543454202 16
-1350016091 2
-625743645 16
193797767 8
-681160610 8
-1836575649 8
8317373 2
1971268533 8
-772714854 2
378162857 16
-1467103238 2
-966917543 16
-557356940 16
2062404707 16
-381423591 8
-1921121595 16
1697736229 2
-1229537755 2
-429392400 8
1254424836 2
-1591734349 2
-1345258845 2
-2062790876 16
-394908929 8
138897257 8
40489979 8
-851448352 8
-44989697 8
461550027 16
1810175015 16
975469324 8
-196494013 16
-1770883517 2
-1513573355 8
1097619394 16
-1644273017 8
-643447159 8
-1471551787 2
-1534342206 16
1200114576 16
1941985369 8
640538593 2
1546610412 2
1968474078 8
-1727986462 2
-821183685 8
-1301041625 2
-731499470 8
-1540718404 16
944975602 16
304851674 16
-1893263105 8
-618762871 16
1692473009 16
1953827612 8
1137065380 16
-1234958728 8
-1231491717 8
1898770816 8
1847988519 16
879612474 8
1556993160 2
509557499 16
1145437678 16
2031871946 16
-1882353060 8
-1347916315 2
-246771438 16
-100266460 8
-607293307 8
-1250156493 8
2112759242 2
2069754951 8
-632116147 8
-1106179119 2
-966840100 8
-1573618979 8
726494158 16
-325508993 8
-1294581546 16
1811984870 2
-1557124401 8
-1864144859 2
-679441388 8
1629852918 2
-2073558120 16
906895524 2
1795501403 2
1036505496 16
928070489 16
1684948960 8
-583700120 8
-1265472924 8
325332571 2
1107055651 8
2086566336 2
1383175605 8
551396717 16
-361691026 8
-505942362 16
1068047140 2
155807576 2
189656620 2
136981375 16
-918856674 8
-6028617 16
-1014950714 2
1940649408 8
2041929580 8
526684318 16
-244668468 2
313912598 8
-1660403179 2
716479860 8
-1132274923 8
463066740 2
-1426958173 16
-2099420747 16
327850888 16
-1449071338 16
-1557552845 16
1809682910 16
1773933925 2
-1009249572 8
1774562936 16
-1060571194 8
1042527730 8
-1310553599 2
1389056018 2
-1400851705 16
-299313440 2
1205159628 2
371467190 16
-126307005 16
-459296790 16
1690096665 16
-2138551253 8
-1350380879 8
197894884 16
-646502404 8
2070448087 2
1671220295 2
1429367338 2
-1486781856 8
-806009283 8
1283444151 2
-2138369016 8
-47482294 2
1084126740 8
719720253 8
1628184902 16
-2093005770 16
1024798135 8
2046107075 16
-1645828757 16
-380288931 8
566804473 16
1897737928 2
-731152114 8
1879899691 2
1946798963 16
1484036306 16
-1196828074 16
654046857 2
145436467 16
-1431311935 8
1262184687 8
868549268 16
1932494179 8
-880692693 16
892583456 16
-616716636 8
-1898693384 8
1152764669 2
-248762187 8
-1146531992 8
1177108952 2
-39245526 16
-1599363899 16
112517847 2
1720549106 8
1094946281 8
-1792627372 2
-1906443199 16
1786294622 16
1301502375 2
-1321832097 8
870840420 8
1435544871 16
-1075106112 2
-1385952574 8
-1759602029 8
1059585792 16
783522733 8
-744562213 16
-723495122 16
-877713834 16
546658045 8
-976513216 8
191988825 16
-1191062720 2
-2046389629 8
-328633223 2
-1585593881 8
258579837 2
674345025 8
-1094173942 16
-802098073 8
-474435617 2
-334961387 2
-282583729 16
-354594524 2
-1270232489 8
324085514 8
264374231 2
-1793697892 16
-875485856 2
522906612 8
406208089 2
647428324 16
952120433 16
-1457847777 2
-607354755 8
-373149738 16
1365815406 8
-1042884521 16
788864576 8
-856737638 16
1959687175 2
-2028307581 8
721525821 2
-841352576 8
-242693558 16
549516162 16
-366218903 8
102097699 16
-1029206331 2
-1806987348 8
1002079780 2
1904920947 16
-761532809 8
227362943 16
1477718758 2
2135423483 16
1895168470 2
-944509833 16
1728259307 2
1792783709 2
302991011 2
-1419782323 16
-1793671219 8
1708835354 16
300814499 8
1505310118 2
-1254366170 8
1393799157 8
1496168770 16
-1916448201 8
-852366655 8
1740613636 2
1598844293 2
916279283 8
584223100 16
-680016548 8
-2000762831 16
-115004564 8
828322923 16
-1337365703 16
-488891477 16
1119638593 8
1134177964 8
-165394613 16
769162360 2
895402194 2
2004965028 16
-17525587 8
-506268441 2
1940982970 8
-124658257 8
780695082 2
1395940909 16
-1445096462 2
1865422338 16
968831601 16
-357052377 8
1339493105 8
1823745153 8
1969616016 2
1139667653 8
915887828 2
-1447364531 8
9202215 8
98326951 2
1424086255 2
-1653099353 16
-825829830 2
348807332 8
-535311227 2
1293970375 2
1509148730 8
-1488409973 2
1517267202 8
471983698 8
-1941304691 2
-434734723 2
1055428797 16
-627910735 2
-672609155 16
637957544 2
915032941 16
-651065929 16
702854760 16
1981394338 8
855589194 8
1487740730 16
1838341665 8
-82854527 16
145829347 2
1405534970 2
-993429857 16
554342018 8
480957493 16
1611057418 16
-1020179435 2
-690232598 8
-1334719256 8
-238597169 8
1171275785 2
955802362 2
-1549899955 2
-476069717 8
1774916252 16
1509904997 8
256440602 8
-1087776548 2
-1046351054 2
-1144518511 8
-197992100 16
1206020701 16
-1518554331 8
635677162 8
-539485117 16
-910601472 2
825772728 16
1050433127 2
1184230789 8
-1891483727 8
1771811574 8
995688156 16
1223356031 2
-1164140314 8
-440778563 8
-301748951 16
-489707025 2
-1911051274 16
-1922173756 16
-2095111554 2
748764613 16
904388266 8
-1824820209 2
-387935141 8
543784461 2
-252590904 2
-1707983294 16
-684682169 8
1279568996 2
1906240555 8
550308505 16
199409345 8
-97667371 16
-34312807 2
1385441553 8
-446629531 16
1805829704 2
872738618 8
-910747482 16
-272567714 2
718179776 16
2025994482 8
1538821408 16
261836933 8
-820773072 2
-1628785481 2
-504110833 8
-148571673 2
1043566781 16
-384231813 2
1523790052 8
-1622745298 2
870570241 16
1248160701 2
-384454726 2
-1120291668 16
-428971826 16
1194429089 2
-2028956445 2
-1019520083 2
-385866604 2
-285828078 2
-356125379 8
-222530041 8
1449921304 8
2110869497 2
1247561668 8
-1803997497 8
-869397274 2
-1006129576 8
160350414 8
1462468627 16
-234540274 2
-240374058 2
79773054 16
-503210389 8
-828077035 2
193350298 16
-965525181 8
-2094430796 16
-1083674226 2
-1709349885 2
-340755254 16
-563717433 2
1550695084 16
-1931539192 8
1429902452 2
1079554462 2
1844709906 2
-1435650238 2
-226629752 2
8958932 2
57751781 16
1900446372 16
-453056301 8
-693627692 2
-38075048 2
2007746218 2
-1595026654 8
-328936206 8
-158322417 8
1329381135 16
-291621217 16
-904735060 16
2057931589 8
493741277 16
637072156 8
-1623814151 8
-118169395 16
-119154016 16
-1514488105 8
1136326595 8
-1334084021 8
-856214899 16
792854701 2
-1970003815 8
-135620455 16
-704495733 2
-1620778001 8
-1482907307 8
270063742 2
1777719583 16
717226437 16
-1396387768 16
-499824230 2
-332422461 2
188698789 2
27837578 2
-1487985492 8
1328034466 8
-901562604 16
-289756989 8
-1688442878 2
-1711708480 8
-1124428219 8
1825765716 2
162931435 16
-740284579 8
483383347 2
-1584334686 8
622692207 2
-127091106 16
-534664155 8
1600960218 8
1338335255 16
1109368003 8
-2128041497 8
235219370 2
1322050054 8
-2949775 2
-1712708716 16
-1920201674 8
-1181519165 8
-1667244460 2
-1785462417 16
-1218489166 16
1127986023 2
-616051714 2
-26952806 8
-1502931255 2
-1364712947 2
1501597053 16
2097223696 16
1256306548 8
-1996708161 8
1753819587 2
1694076919 16
940810638 2
-638349157 8
-112695417 8
-601991528 16
-621043435 8
-1120174226 8
-2089543999 16
822561979 2
-1799305402 8
-838547083 8
-592525281 2
-1282973845 2
-1565281465 2
-18971842 2
-710219170 2
721079777 2
1874953793 8
-131909959 2
-1556178403 8
902591210 16
-2147027582 8
194726918 8
-2038099953 2
387164882 2
-1646509066 8
-1582839068 16
1762696608 16
-414167234 2
-1691436090 2
478210953 8
1789047671 2
1368300115 8
1836520410 2
658439377 16
1291422271 16
-1455664464 8
106480313 2
-1852035081 2
24342040 8
165513087 16
522389963 8
2089913783 16
1598196501 8
229646928 8
562102211 2
1664497939 16
1651720642 16
-1535694468 16
965085216 16
1119673414 2
-163776508 16
-1488325594 16
1175117259 16
-1606999423 8
-363448185 8
1521110530 16
-1051468763 8
200555746 8
1757164890 16
-1177164297 2
-785948506 16
1111707110 2
608001551 2
1256558372 16
-922190903 8
755225223 16
1947753296 2
904971847 16
-1699304166 2
1145839282 2
2137437714 2
-2060892056 8
776529871 2
760115015 8
1333470840 2
-806419189 2
-536476425 8
1163524323 8
1749176506 8
316456466 16
276336884 16
1173557317 8
393072246 8
-808320993 2
1585301081 2
-1583021630 2
836422298 2
1935309287 16
702005227 2
-167989503 2
-1481905109 2
-794185400 16
460212179 16
-278913017 8
-1229655521 16
-209655734 8
1800561859 8
395419574 8
-1174669601 16
-1430565853 8
1545619078 2
-477057423 8
801040795 2
2078094141 2
-1062825356 2
-1717671857 2
-1092185265 8
-706891823 2
1942744859 16
-1850732899 16
976346396 16
413501471 16
-553881967 16
1817450399 2
-1308420720 2
564656946 2
2027746908 8
631480761 8
873692591 2
-93778026 8
5288535 16
-312427277 16
957375582 2
-1584518131 8
565114838 16
-1427817355 8
858984741 16
1947092786 16
-903664478 8
-1749767176 8
-1479900083 8
1291352704 2
-240323399 16
16983611 2
-956235144 16
-1719655587 16
-353685947 16
-1787321823 2
1887414358 2
377663207 2
-1769224257 8
478849856 8
1649566521 8
1330707598 8
-894745435 2
-1438566068 2
760039499 16
248834585 2
1083559285 2
27202706 2
-1321080419 8
1003872563 2
-1579681357 16
2005660757 8
1732940426 16
1420011193 8
1094155889 16
-185710060 16
-19572712 8
-1877014973 2
-1434781686 2
-264095438 2
-2114687666 8
-781803996 2
-516738276 8
-1417798804 8
-163664791 2
-1421484471 8
-1528799459 16
-1681060956 8
167844773 8
-739077524 16
404604452 16
-1346235996 16
1164094158 2
-1111686613 16
-242492294 8
-1722159453 16
-650938792 8
1371800314 16
-916007478 2
-2134917566 8
1450124702 2
255406453 8
-1583746863 8
-743131281 2
-775382489 2
-1482076142 16
783783106 8
1420412007 8
-1978434809 2
-1159819870 2
1827278191 2
809709741 8
111328179 8
-642718549 8
980961002 16
1110533441 8
-376298593 16
260166531 8
353609033 2
2008446857 16
-8085961 16
794650391 2
1349967325 2
313392529 8
-305428072 8
589612304 2
-1380662725 8
-55019501 16
1268393271 8
328832263 8
2036323061 2
606593239 8
1072151606 16
1323801286 8
987651882 2
-1374624014 16
-1729474091 2
540880402 16
62315100 8
205776983 16
-2108118170 16
-460618014 16
-1928839486 8
265235337 8
-702233343 16
1864620999 8
570638347 16
607105148 8
-219211070 16
1587022623 16
892864355 16
14057793 16
228302999 16
2003457149 8
-2024014598 2
-1236866717 2
-1887821257 2
1294125575 2
1412321572 16
1649860447 2
-2047437095 16
-1568221275 8
-1134003537 16
1491446525 2
-2101651978 2
1395404813 16
-115618065 2
1896679778 2
924387930 2
2006183524 8
774804416 8
291084871 16
1973993329 8
1563446419 16
319977532 16
1215002448 16
-1330293097 2
159166815 8
-897199431 2
-813900774 2
83126429 16
417950436 2
1017083097 2
937094389 2
-1520378592 2
-1217391715 8
-454954204 8
-1390784282 2
-1616905077 16
-1292058732 2
599723392 8
1232151132 8
-1455499726 8
1437143 8
2017986364 2
-401661449 8
-654750311 8
886896504 8
305624464 2
-469565817 16
647715818 16
-213145897 8
-1311208036 16
19987026 8
910536662 8
896870551 8
-1996536868 16
995062549 2
429803654 8
1204272004 16
-699332000 2
-594676527 2
-552927273 2
-1589069130 2
-847399881 2
-1388380450 8
-1740273647 16
-282997263 2
1748304728 8
108577716 8
-911738600 16
-551655672 8
-1940153122 16
-1831399578 8
-993668835 16
-1520321432 8
1984458078 8
437841577 16
1249673070 8
98696709 2
1725460864 16
1931580011 8
-545085600 8
1084706685 8
-1466842495 8
-103547954 2
967546990 8
-662536369 2
812582514 8
101641564 2
1203893982 8
-1691140172 8
-977432956 8
-1013200772 16
305249161 16
-1547355270 8
-398896798 16
1361864585 16
-273112474 8
240119381 8
-663370035 2
-446552749 2
-700410799 2
-794317250 2
1440020298 16
-1359052356 2
1775427144 8
161185299 2
1641533923 8
1989939114 16
1414895047 2
1536456702 2
134046222 2
-16694389 2
-424435313 16
420317978 2
846340973 2
2082526809 16
-227298418 16
822401889 2
-1507722017 16
1774997346 2
370524013 2
1378294528 8
1954613541 8
641672298 2
-2048675418 8
-849427360 2
-1732826254 16
-823261329 2
559296422 8
821060611 2
595256587 16
216673132 8
634192339 2
968222511 2
-1717804261 8
-611501491 8
-318966278 2
-1415452716 16
-246855662 16
663077950 16
-376337621 2
1788311742 2
781622448 16
-697792726 8
557659062 16
-1288785867 16
496746735 2
-1932565142 16
2008111999 2
1611577308 2
1659778895 2
352994370 2
1179943716 2
-1367726976 8
-1641753620 16
463430673 8
1402632640 8
-1691951411 16
-1998829854 2
-194045892 16
-763445803 16
-1580023078 16
-1514280746 8
640602481 16
76895825 16
-801730180 16
-1225465387 8
1500601210 16
-2094518382 8
1591712019 2
-470416014 2
-1560181982 2
1630078332 16
1659559609 16
-1932540783 16
1025976058 2
-33412609 16
-1820927989 8
1526797187 16
891472837 2
-1168321051 2
-144941735 16
-1703304429 8
686473553 2
-908870893 2
-570088045 2
1098711544 8
-512522753 16
-1938099846 16
899949124 16
2139129856 2
-98714886 2
-247823599 8
-187565986 8
1816109094 16
1729617529 16
177601759 2
-169445860 16
222330032 16
783828065 8
918808521 2
-1547288183 8
-639192364 8
2021403525 8
-1872790418 8
298555323 16
1791126535 8
-83408222 16
-336935668 8
-1128725367 2
-326986839 8
1350317828 16
-1747658983 16
-1230310451 2
192911868 2
1719852377 2
930890058 8
1771984418 16
1323371295 2
2040634877 2
1593015770 16
-1175382602 8
1820061882 8
-1797034998 2
-1462267784 2
-1913649609 2
1173888514 16
-1330465962 16
-334495172 8
-1583408220 8
-1384646401 2
24409265 16
-538872310 16
1520387576 8
-1856792012 2
720235699 8
173293240 8
159387086 8
1121857268 16
-1593296493 16
-355211241 16
318731761 2
354766823 2
1186396695 8
1346862746 8
1863756753 2
-1485889009 2
-270470147 16
-1270766586 8
-1788610386 8
2063644217 2
2002750657 2
-1049186556 16
-1457858943 8
-1360934064 2
599300317 16
9808254 8
-1288661522 8
-704191410 2
-219006597 16
463699556 2
-1144911356 16
1633111489 16
1248388954 2
-2120179319 2
-1978359292 2
-1836941626 8
-1492300835 16
-2105175754 2
-1950139349 2
-1116666143 2
238890402 2
-845242875 2
-1279852925 2
-1019014793 16
1873950084 8
-1208134445 16
-411807992 8
1919996740 2
1634286905 8
691448339 16
-587254810 8
-755268993 8
-1304288230 2
-1238269670 2
-173829819 2
-1347794041 2
-1684976044 2
422312629 8
635526039 16
211372775 8
-458304436 8
-2127243959 2
193833924 16
1623522015 8
931953733 16
-1892743049 8
-1494433898 2
-818143150 8
2066932790 2
1750678286 2
-1889427658 8
-1012430062 2
827950033 16
37983278 2
1662046699 2
1947195853 2
-310432154 2
1026962322 8
788578925 2
-313449160 2
-1807300052 8
-104359319 16
-1360988469 8
1170979669 8
-1937149457 8
-22719514 16
-721110080 16
-1964521709 16
547270953 8
-1237098773 8
84298214 8
-886057653 16
1924009779 8
-1038239087 8
866224855 2
1106498635 2
392971831 8
-1909202837 8
-328371670 2
124041772 16
-1458132370 16
-1704469369 2
-150675991 8
-2050454664 8
1408075381 8
468010219 2
1067181199 8
-349965496 16
96861333 2
857425820 2
2096810314 8
-1835273472 16
110235238 8
-777398691 2
-116399855 2
-2010209904 2
-168418115 16
1832118059 2
927628252 16
2119570187 16
952030291 2
-1629664973 8
234897181 8
-1151875940 8
1243821151 16
-1291401563 2
2037171772 16
1097416281 8
1945031848 8
-294234718 16
-737281927 8
-560123114 16
-248762075 8
873601405 16
874247020 8
2065930352 16
2017865761 16
1328559509 2
-74826040 8
2018943098 2
580583182 16
287783193 2
340875823 8
-337346774 16
-173881005 2
825931016 8
1935384731 2
-1402394217 16
943763998 2
-1788333448 8
25584312 8
1789790124 16
1645669744 2
732759126 8
359819987 8
1387711668 16
-199322928 8
-22974436 8
377662821 2
-1090264413 16
1968774976 16
-1225915982 2
-786862846 16
-511109139 8
-1888646882 16
-111102015 16
1016670644 8
1958121870 2
2040008461 2
1863251926 2
-1756388029 2
1202557695 16
1445516653 2
338544326 2
1657321979 16
-99463400 8
-1472338099 8
1932381862 16
-1034102097 16
1284113278 2
959305531 16
-1625229416 2
-935092719 2
-947592929 16
1009293114 2
-309094787 2
-949213136 8
-1717330426 2
1889619925 8
-850765003 16
1848896949 2
-153613354 2
-1880258014 8
-253182298 16
-367686230 8
-1516603573 16
114197541 16
1868260256 8
-1312346433 2
2041060691 2
-423704383 2
-1876010503 2
-394072090 2
-207962761 16
180088444 2
-581480498 8
-273796697 8
-1447931105 8
-2027922148 8
790980677 8
-1209151049 2
376105987 16
-467216137 2
-2035652233 16
240862160 2
-490331821 8
485494207 2
1368993349 8
615041173 2
1521626184 2
-2005283034 8
1233320349 16
1015510573 2
-790909382 16
-602773220 2
2142322147 2
-1438831373 16
-1003771410 2
-1765216743 2
1032411905 8
-885282613 16
-490577071 16
-621568555 16
606775378 16
246419000 8
1739783827 8
1347038198 2
2028213391 2
-1645486483 8
527216327 8
1883984452 2
-478412454 2
-356676570 8
-1785081846 16
1634190518 8
592560209 8
737004747 16
-605728632 16
747658771 2
489834841 8
-1047317281 8
420608359 8
1982268609 8
1975478745 2
-1978026121 2
-1791725805 2
766041049 16
-425448649 2
1778184807 2
-921447915 8
-1361423321 2
-206010274 16
-24428852 8
1471459592 2
577631761 2
1029820634 8
167290518 16
-213018750 8
-607387175 2
683577676 2
1244513357 8
1208032957 8
-480483916 2
748507657 16
1164039810 8
318322776 2
1161649091 8
406018763 8
-1428787162 8
-1407844489 2
2031801253 16
1749395220 2
-1093142727 8
174433102 2
1752441601 8
-654078253 16
653873392 8
-1850109772 2
569711790 2
-831032211 16
1936500624 16
1100456866 16
-1298206136 16
-1787138994 2
1835102701 8
-936564317 2
-1658121892 2
1985158405 16
204617596 2
76275515 8
-1967275353 2
331965346 16
2055124244 16
-1805060560 16
1059256971 2
1806573075 16
15562076 2
298442184 8
1065124246 2
-74987905 16
-1106062584 16
-1984744493 8
-1216225990 2
667672557 16
563738889 16
1852922821 2
484440662 16
-206828997 8
14232782 2
167466951 2
-1899782605 2
421616353 16
-1238319847 16
-65776514 2
202899814 16
1835032723 2
346008056 8
2025637063 16
1492283183 2
1240124281 16
1813043690 2
1630560929 2
205057903 2
1503230939 2
-472733948 8
1078551476 8
302652125 2
657171290 16
1197594916 8
267988737 8
1278499206 16
446943140 2
893589400 2
-1093604211 8
-406280945 2
-1663363666 8
602329333 8
419929491 2
275094806 8
2115125023 2
454070091 2
-1400929513 8
2095221304 16
-740056302 16
1186403504 2
552038715 2
-610480035 8
-1759896103 16
6349243 16
1921328513 16
-1366669829 8
-590029503 8
867088153 2
1225436918 8
-1092557996 2
-1899767105 8
-1193167157 2
1449504605 8
378279990 16
-512970560 8
-1736417049 16
1119867760 8
1358981416 2
1926629299 16
-1571962229 16
1842579798 8
-1800639334 8
-498567143 2
-388244706 2
-18613556 16
-1614841932 16
1180562718 2
-849904793 16
-1383284003 8
1735046117 16
-564791853 2
-1305181355 16
-360162739 2
1261495310 2
-234512715 2
52321111 2
909635414 8
-2057404733 8
1605662400 2
-1186983015 8
-593387139 2
-1505336801 16
-1099826868 8
-1393754137 16
917834262 8
-767692803 2
847266070 2
928779819 8
1380297829 8
-634226880 2
-1677777227 8
472102293 2
-990755840 2
1547059674 2
458069206 16
-611969761 16
1453361377 8
472757748 16
278711787 16
788771569 2
-1209864126 2
-1828562576 2
1713742447 2
-2092083513 8
-355474152 16
1140981048 2
-325267614 2
-1377734348 2
224955505 16
-999740648 2
2094353083 2
-2141739173 2
-394607422 8
-1895296433 16
-227697550 16
-278208734 2
-441361619 2
72413 8
1089748006 2
-1232732925 16
-2123372980 8
262563588 2
-1929898689 8
129225975 16
780717188 16
-1564785010 8
-768985984 2
1860144187 2
-1720525276 16
-1253287368 8
-1380832631 16
1546672741 2
1983005083 8
-829736301 2
-1065777397 2
-1468721809 8
-1725035314 2
-486223110 2
107775908 16
-1148763412 8
703336865 2
-448492603 16
-1250572721 16
-1009226879 16
-1338235585 16
769106985 2
-1508053979 2
1049711346 16
1439525000 8
-1711417585 2
-46581873 16
1954305625 2
-1014173898 16
120501260 2
295795658 8
-46889757 16
-918005439 2
1396491762 16
45632248 2
-1689545493 8
479208200 16
-1735414125 8
-63986239 16
-338091659 2
476808262 8
1392500387 2
1410348717 2
493748555 8
2101846485 16
273283339 16
-1856414277 16
-1901264157 2
2042002797 2
-1022799957 8
-1379144811 8
158773106 8
307856327 16
261053209 8
-2045249018 8
-818802648 8
868453181 2
355611865 2
1340735507 16
-527405820 2
-551930377 2
1186913356 2
2028050831 2
265577726 16
-1029538267 2
-123799251 8
1908875482 8
-781203167 8
1861164796 2
1357040582 2
1070884683 8
66593039 16
-489143685 2
-429256932 8
827551314 8
-1641541244 8
-33498595 8
575688583 8
1427339978 8
1112964609 2
-384495525 2
-287537338 8
455421824 16
1541627324 2
38398160 8
529870632 2
322648025 8
549732854 16
541631055 2
-1970541742 8
788491145 16
1921563281 8
666046510 8
1357517687 2
2051861165 16
-1301779495 2
61443648 16
1901527739 16
1437163500 16
-752533091 16
570426560 8
1095391660 8
-886375185 16
1542586064 2
490698678 16
1015630782 16
-1739071116 16
525227409 2
-1933247907 2
-2029308916 16
672235998 16
-1257859911 2
1401841248 8
-730789844 2
47830728 8
1050313877 2
742894977 16
-968638534 16
-2016802651 16
1281631009 8
-1461311919 2
-2033725045 16
-665595013 16
-1836319054 2
1145718063 16
-1146023419 2
-1175253161 16
1027863990 2
914766242 2
-1294103959 16
-2003240040 2
-702691569 2
1696404277 16
-1412680099 16
340732652 8
-1246752785 8
-1144151853 2
709522881 2
499106782 2
-1253449950 8
1858817323 16
-854648840 2
-406380766 2
1077757990 2
-7321897 2
-1348565333 16
718274628 8
2134031849 2
-644428007 16
-1403836534 2
1497574058 8
2010376447 2
-668788845 16
763434112 2
-1473324441 2
1983352404 16
-1043734476 8
-1770942968 2
1737443667 2
-2118211133 16
1460924116 2
482506378 8
1988251928 8
1654752393 2
2046033456 2
-1638381124 16
-757919547 2
-375380100 8
996561154 8
-703211097 2
-2123071990 16
-123722011 16
-367494548 8
383041348 2
-196665579 16
-1217191100 16
-1279499996 2
-1114021609 16
-1804414634 8
1412578601 8
-34079748 2
-323923951 8
-388585600 2
-118710638 16
-2004185933 8
-1554385757 8
1679595032 2
1267382087 16
-966505616 8
-1584353666 2
-1975772348 8
-1955016058 16
-1581997411 8
-903168845 16
-1026349068 8
-1215381631 8
-563748373 2
-79495213 8
-1624336258 8
-441659247 16
-1463164184 16
2100966810 8
931985297 16
627857764 2
789859332 8
-2085803288 16
-1743935991 16
-533946974 2
754969776 16
-1126483025 2
-1694539748 16
404229455 8
438354561 2
866476325 2
-196063833 8
-1911868816 8
308475475 2
-2051603352 8
1184605872 2
-844595922 16
842640822 16
627797152 16
-287260976 8
-1252581119 2
-958114213 8
2107895407 2
-69650475 2
2132555751 2
-952971007 8
1338996725 2
-1374329337 8
605034008 16
39395970 16
1187450166 16
1527371587 8
-919614312 16
-696597253 2
1015695178 2
1956874027 2
650067142 8
-255344847 16
943920732 2
767444707 8
1052978000 2
-271877611 8
-263430890 8
-1928831172 16
-749571053 2
8754277 8
-1399168846 2
-2033989992 8
974686994 16
-493365913 8
376675563 16
-427705165 8
80547409 8
-1867920889 2
233402240 16
-52901640 2
1478740710 8
-98835470 16
-201956784 8
564110638 2
1245909297 2
-313577801 8
-1909605824 8
151372223 8
1839787063 16
-768507121 16
-1231656018 2
-65190204 8
-1161278955 16
-986112427 2
845772970 16
-1044262341 8
1099633727 16
403567493 2
-746796260 16
