2263
78410476 16
1493014496 16
-1212299453 16
1104076523 2
-1718162510 16
1599449655 2
-728170015 8
1094402737 8
-742692169 8
307106479 16
-263520724 16
1199335905 8
-878432007 2
1639979492 16
-2090998968 16
1529427926 2
-198199594 16
2016522641 2
-1038283766 16
830670730 16
-1963085434 8
-1689226550 16
731032952 8
-205025779 2
-485023594 16
1530886282 2
-918605953 16
957025079 8
1990365071 2
1382589947 2
-1924370590 16
1395448439 8
-2030288733 16
-1030969920 2
1740035250 2
863410225 2
392028415 16
-1713762055 16
-832079608 2
1211312993 16
-1859768014 16
-1735614465 16
-1733152230 2
523043583 16
-564971565 8
-1105433971 16
-922480783 2
1843929328 8
1941636761 8
-1753611150 16
-866685373 8
-2105439951 2
-858421312 16
1511160569 2
1976993836 8
-68276071 2
881185320 2
-1440931177 2
-1026759841 2
-539038402 8
-899081888 16
-65676914 8
1785118981 2
-1069281302 2
-2115295783 2
1153016399 8
1986683371 2
2009549725 2
2109170933 8
1715251272 2
1872474604 16
-799451796 8
994246987 2
-1392177921 16
763420255 16
-1496358529 8
-1895646955 16
86237832 2
807296782 8
132477424 16
-241056222 16
-2081578182 16
-1383746162 8
857328963 2
-206913810 16
1237985571 16
1291265618 2
-1987930721 8
-1100688331 2
-1344073267 8
-1546779815 16
-417265866 2
-1207970918 16
1652164237 16
-2128164752 8
-1600641704 2
-1003868495 16
-1738667830 2
1253440305 8
-986897410 2
1449436084 16
-1158248902 2
-1307033909 2
-85854014 2
203791691 2
-382195655 16
889755166 2
2017345277 2
-254903026 2
773405275 8
-813943962 8
859215760 2
-179265431 8
646249225 2
-2021259691 2
-1912221471 16
119255023 2
-1640953503 2
294438399 8
-971476694 16
129609081 16
-1341333006 8
-1145913473 2
-341414023 16
2086891637 2
-853234245 16
-360083984 8
1225224143 16
763167872 16
1567793890 8
1279899058 8
175164870 2
-2048662869 16
-554002970 16
888353632 16
-355858675 8
-2109131340 16
1037892404 8
1119173636 2
-2001127142 8
-827137181 16
-226059462 2
64211099 8
-840569391 16
-1475918090 8
989209452 8
498199304 2
955497303 16
-1175441275 2
-1647086709 2
1288980970 8
-507566125 8
-955138600 2
2133839687 16
56279246 2
122534987 16
1001522448 16
-767882232 8
1838061023 16
976491282 2
1455403541 8
-1115601812 8
1942804584 8
-1978163065 16
1595242288 8
-476159009 2
430548797 8
-111187606 8
2058681170 2
1276204970 2
-2014455475 16
-262324379 16
-1379181106 16
-709498004 16
-1633573580 8
1565866369 2
1724243144 2
336054342 8
-232802566 16
-1523276318 8
201517282 8
-117345111 16
-539807895 16
596082065 2
-534539314 2
-1155828632 16
-1401104979 2
270691191 8
-661817008 8
-1689955860 2
-134656011 2
-2037041958 2
-479775901 2
1200421742 2
1787902964 2
-976185733 16
-1473597874 2
-34481825 16
2010404593 16
-251813769 8
-923636878 16
584466793 2
1638923308 16
-1111786980 16
938425217 16
-1771416619 2
-182022899 2
-1086974733 8
-1347853802 16
-124105361 8
2001308692 8
1425371204 2
-1980361836 8
1729362603 8
264486606 16
-1962621337 8
1601755959 8
-1647673126 2
455001778 2
-1239374231 16
-135928906 2
1960727758 2
89033758 16
2143381439 2
-1300546850 16
952391859 2
-1379395046 8
265995880 16
904444343 8
967840385 16
373295636 2
-1810142276 16
308641730 16
-693855737 8
838576010 8
-69614342 2
-894760423 2
1880775215 16
1350778572 2
-749876441 2
1710524264 2
-2144835051 16
-232429153 8
-24573103 8
907361701 16
-1939533235 16
1050235098 2
-50773428 16
174945489 2
1389041625 16
161175967 8
-546155096 2
-1205458894 8
1789541943 2
2095871857 2
785265679 2
972249245 8
-732044685 8
-559802874 8
1463525934 2
382510480 16
-1060541182 16
322646743 2
467331617 8
1381743404 16
-1411937569 2
-1900133491 2
1062555146 16
-1960840717 16
1241990586 16
1803737240 8
-375400401 2
-1973702290 2
1852538398 8
-239356785 2
-494667398 2
-506271476 8
153579686 8
-2076526913 8
-1569715018 8
450406734 2
-1802142284 16
-181857725 2
1705304568 8
1979022229 8
1578506706 2
-2081071085 2
1665664426 2
1576657991 2
1075641253 2
655294286 16
828767680 8
-1806460036 8
-562895338 8
968022247 2
1197000182 8
454145832 16
1492832060 16
35364867 16
-1266507738 2
1755606128 2
-728769109 8
1635783163 8
1177018658 8
-1697254333 2
-31709079 16
-1877787876 2
-571273038 8
186821587 2
-2019150184 16
-1385755585 16
23405173 16
896126463 2
395366235 16
-1638327710 16
-1248934294 8
724796047 16
1448710580 2
181410290 8
-824119867 8
390042925 8
-1360474818 16
611918535 8
-242782946 2
-1893451418 2
-1150021265 16
831334556 8
187720418 16
530533004 16
-865612769 2
-169441144 8
724174308 16
346963420 16
962369474 8
-778619808 16
1435709319 8
-1679905229 8
998681502 8
1971770947 8
592225664 8
-980547996 8
1479253088 2
-1804422177 2
485684061 16
-1335043969 8
1594553986 2
854302792 8
-523249152 16
1409820844 8
-602668017 8
984631843 8
632167569 8
-1213997395 8
-2123320299 2
1436400667 2
-344953499 16
1276841468 2
-11551917 2
-36082451 8
330470322 8
935686178 16
1060372936 8
-2126018292 16
-1112906297 16
-298816789 16
-342533203 8
-95359447 16
1606779713 8
1267247630 2
-1467380237 16
251260627 2
-854901080 16
-2000533399 16
-1699007206 8
-1857234663 8
1187871793 16
1874500023 2
929259917 8
618803981 16
605165194 8
97002336 8
1273369744 16
820235759 8
1499865594 2
-1363822756 2
-1246450276 16
441047089 2
617410211 2
395893822 16
-1307673368 8
-235024732 16
1930306827 2
-370380133 8
1595711105 16
-1654470479 16
-1777541306 8
299465884 16
-1608235999 16
1084550513 16
-674555647 2
-708063951 2
1866322549 16
-1299681012 16
-1572026786 2
1705534857 16
1896943703 8
-1806752313 16
-1187227750 8
-978803253 16
531658153 2
-1537332009 16
-1009492253 2
-432722691 2
947529554 16
1918836977 2
1849459100 8
906734549 8
1105096813 8
-571684514 16
-892500004 2
-1037157709 2
-1441247047 16
844948838 16
1193645698 8
-805545832 16
-1528255854 2
-695337012 16
827688193 2
2111722967 2
-1902222460 8
1580299601 16
352200720 16
1667005770 2
728826109 2
2126177833 8
-441132706 16
-1503410967 8
-1056457128 2
1210182472 16
-197012736 2
-486877005 8
1675794717 8
136418102 2
-1382337310 8
-2062302194 2
1006721026 8
2038599783 2
-1172899857 2
-876138218 16
-158502183 16
-1077202728 16
1687613799 16
535279656 16
302219524 16
-2112332129 2
1528864689 8
-1871347420 2
1697006042 2
-962119723 16
1206669276 2
-859511474 8
1250700586 8
-1996502137 16
132428489 2
211329828 16
-632522914 16
-478415334 2
-424266076 16
-1157851540 16
-2124250685 2
1023186888 8
787204005 8
1258106544 8
-59908923 2
141843478 8
1090019083 8
-904445595 8
-756176081 16
-491056386 8
-1534026146 8
1428772763 2
-1651416886 8
-1363377535 8
-205979017 8
1505305142 8
1455437344 8
1299074881 8
1915474541 16
1456313774 8
-8903960 2
473408271 2
-232741754 16
-1291293201 8
200738221 8
1752731251 16
1694335813 16
-955025286 16
1893755845 2
-2035705091 2
237926438 16
-2049994961 8
796667778 16
-1947643894 2
-117733917 2
971069931 16
-1322458351 16
-790482245 2
782561320 8
-1725847662 16
-427786158 8
-2118828277 8
-581917694 2
-532368879 2
-1836955178 8
-1857174966 8
513515080 16
689072129 8
1148296573 2
-1389962844 8
-670133854 16
-1868642206 2
1260205330 8
876637639 8
-1929322347 16
-1505083133 16
-524878876 8
-1611781872 16
-1545560997 2
-762681972 2
86817890 8
1363197476 8
438374841 8
-50609370 2
1622328292 2
-2063504550 2
1216041131 8
1043370573 16
1441253211 2
682612742 16
817225798 2
-2115882424 2
1374119361 8
-1170627937 8
-2133299897 2
1522559325 2
190296042 16
2008254531 16
26135954 8
-599009565 8
1747715291 16
166284293 8
1920347909 2
-1969143899 2
-37105189 2
-2020803288 16
-1069004015 8
433314277 2
-780389251 2
-2137237833 2
1731911803 16
-327666913 16
1431074450 2
-86809908 8
-1177930729 2
-21356435 2
447132307 8
1091028395 2
-1168237015 16
-1089009520 8
-697991944 8
-434860253 8
-678157710 8
2020448556 16
-1081811344 16
1649464891 8
1858950434 8
677644037 16
1864090588 16
-1151967446 8
-1950491692 16
-959818757 8
-299438849 2
-2060075708 2
1731878413 2
568508576 2
300754675 8
-2083385747 2
1104443091 8
1112988726 2
-979303971 8
-345943032 8
-177148108 2
1777832950 8
-1251248062 2
-160254104 16
244881261 8
748824186 2
590303695 16
-1748826102 2
-31386938 8
-111914085 2
-1139141388 8
-1790290051 16
815690634 8
1901337639 2
-1521159230 16
-881561147 2
-1096046799 16
-1821839334 2
-1014017668 8
1452529919 16
1423960862 16
70699625 16
-137010242 8
-962094077 8
-303458748 8
-687737285 8
-1771354170 16
1710267839 8
2061874678 16
2092122475 2
2052865798 8
1644497505 16
806115991 16
72139514 16
551156225 2
1119113093 16
-233149262 8
1967243488 2
216961105 8
1590998852 16
1579482758 8
657288786 16
256493244 2
-495480216 2
1212772357 2
400644308 2
1231010133 8
77039922 8
1333016322 16
1887204153 8
1526172827 16
-992891656 16
1398890673 2
-1178460239 16
-671059519 2
41729994 8
1914713068 16
702339425 8
-1061745008 2
-467634134 16
2112401820 2
145112431 16
-1235724475 16
-1688008928 8
861494282 2
607525490 8
-1649834663 8
-1996133476 16
-2047346866 8
-2034684924 16
-1488812484 16
1103083071 8
674524199 2
1316070769 16
426239977 16
1710432019 8
-2006159056 8
1888115362 8
1478161384 16
1504187211 2
-766988345 8
-338835384 8
-158314359 8
1548426899 8
1889617781 2
-1724658192 16
1519835830 2
-323983595 8
1563129626 16
-381453169 16
-1767170115 8
-904373859 8
295959349 8
-891322349 2
-22020689 16
-1637288256 2
-1052995370 16
456044231 2
915356808 8
997821220 8
2045360464 2
-1584057239 2
-1349094548 16
-409095595 2
-1912653239 2
-25733716 2
-1954507357 16
344097025 2
-1403042529 8
-1650968474 8
499593175 16
-266399457 16
-117779950 16
-780693697 16
-1905628870 16
1539013082 16
-167327622 16
41883031 8
-600072730 8
-1791820852 8
316538155 2
-682397669 16
175582242 8
-1867186854 2
-1586888886 2
729732342 8
1426595356 8
194991766 16
168485002 2
-497989466 2
464176181 2
-1692656581 2
1177425231 8
-431501268 16
1703469596 16
-911349339 8
-763991087 8
-193377036 16
-648014188 16
-1354727835 16
-1312825582 16
2049641549 8
849997329 8
-5494864 16
1152409089 8
1772164502 8
1686281595 8
-472854787 16
-954367535 16
-1252646731 8
942096206 16
-493731005 2
636037279 2
1404551835 8
641628742 8
167242564 2
-322694381 2
2129786260 2
1905202445 8
-1898588741 16
1683897415 2
1537219175 16
984115192 16
-971300075 16
1450272295 2
1662965429 2
1824977155 16
2017403752 16
-1653235140 8
-1264756350 2
-644560577 16
1430984675 16
1106879108 16
-1898063746 16
1558514930 2
-1655056711 2
-1375225299 8
-1280747247 2
-576559156 8
917029774 8
357200275 16
1992500771 16
674424246 8
605970989 2
204562808 8
2042682163 8
2139073812 2
1647907018 2
885476005 8
285007275 2
-1030098074 2
-462758534 2
-1207723267 16
465814176 2
-388858906 2
1106351451 16
-863039763 2
2112598516 16
-908231376 8
451563638 16
-1059038224 16
1552435287 16
2031313898 2
-487813566 8
-570213468 16
-1865315989 16
1130364489 8
420441248 16
829972452 2
757975564 8
-398306963 8
-398549506 16
-1427524903 2
119780418 2
577936013 16
218061333 8
-187323495 16
-526465570 16
849776820 16
961905190 2
-2048221756 8
453199314 2
828966485 8
1706308864 2
-1703353683 16
210593696 8
-1826959445 8
213821417 2
-974067382 8
124488100 2
-992187482 8
1111499215 16
1032426565 8
1591413069 8
240252876 16
-448490264 16
-725459889 2
-1574952233 8
-40988851 8
2088813388 8
2045044486 16
1861147417 2
-453152878 2
2037980713 8
-428807712 16
-1760843361 8
1135163267 2
1203522136 8
380384691 16
-968874317 2
-21111231 8
-448174136 16
2132406711 2
-2035107944 2
244901045 16
-1689686022 2
1305677056 16
-1246448100 8
337971517 8
1266454514 8
-911198924 8
47955973 2
331778613 2
-1160754648 16
-1293653708 8
-1465206854 8
-51150905 16
-682303657 8
1039906182 8
1121361392 2
1781985018 2
-1493961652 2
-245621998 16
358284721 8
-1471070479 8
1331573560 16
-2048601093 8
-1176099142 8
-1681585210 2
-1092402614 2
1840272015 16
1676612362 8
-774827588 8
2022412492 2
1932972882 16
-1364415514 2
1916926094 16
-1291809006 8
383727140 8
-1379563409 2
-1976345245 16
50607911 8
-107967283 2
49317632 8
1710699359 2
-1767258214 8
-1824813483 16
-1890003579 2
1128383206 2
1475317835 8
-83578096 2
-1376068011 2
477759687 16
-1792260441 8
-295446866 8
424598829 2
-1397906912 16
-464150018 2
-1221490006 8
321175318 8
-1334483890 16
1158862649 8
1586927289 8
1009456738 16
-433403388 8
1738796363 8
-3302267 16
-275904299 2
1620126882 8
-1237756297 2
507196197 2
-1674196226 8
1765052990 16
1896454904 2
-169299135 16
-97408441 2
558012301 2
1466532929 2
1182310471 8
1499630618 2
1521534196 8
645469086 8
1933228486 16
1424384104 16
-320300093 16
-1317171142 16
-1440221689 2
457097932 16
-622912826 16
65669517 2
-1170355533 2
-1055870680 8
-1563737996 2
22951068 16
-1710618565 16
825329494 16
1564159825 16
924622530 16
-124598073 2
-1079747866 2
1043028455 8
819916390 2
-349253442 8
-478608365 16
-930474085 2
-12195238 16
396936299 2
1854501339 8
-777100322 8
988280222 8
1396266373 2
-284248154 16
-1891623676 2
288995522 2
441668892 16
-905043915 8
1995852579 16
-749335566 8
309592605 8
-146908020 16
363987324 16
-715711469 8
869588553 2
-748754753 2
1221011275 16
1685963416 2
-1977798948 8
-767226231 2
2045294089 2
-714334267 2
233490033 8
-1909121636 16
-72268900 2
922772075 2
656929080 8
-1116488552 8
1379329317 2
469560673 16
1030356416 2
1440897261 16
1454950758 16
-712744587 16
-1147439532 8
898140777 2
1939945784 8
-273073504 16
311698817 2
-1037371574 2
795156390 16
-1323307499 8
-1257828825 16
909639492 16
1863500007 2
-1062554050 8
-17506509 2
-1337054010 16
853840568 16
774623797 8
1906866091 2
526237313 16
-1583292593 16
-1697807905 2
-1703210325 2
571071622 8
-590754820 8
639504047 16
-1207313081 8
-1326159606 16
1558884597 16
-1090782678 16
285628573 2
1063556032 2
-999577915 8
-94360750 8
361088782 2
712111499 8
1643865940 8
-2014903022 2
-784646693 16
-905738233 8
-1294934832 2
1143032423 8
734832075 8
-1337574057 8
-1848957812 16
-1517407609 8
143631564 8
903904112 2
1924950804 16
1383383115 16
-1858566786 16
1454600825 8
1330986961 16
282049256 8
-2087149214 8
-932327446 8
322858143 8
-466010025 8
440464651 16
1728154291 2
528308397 16
-1560127635 16
-551837336 2
-1872853848 2
388228186 16
-1230674020 2
21637455 16
-383647406 16
526447264 8
369574403 16
-1772006918 2
1658683072 2
1678616397 2
1002775136 2
1886970425 16
907657054 8
-1340904478 16
-2091823923 16
-1641695330 8
-1393253228 2
1547917044 16
1404679137 16
1944737123 8
2050692933 2
949283481 8
432461536 8
-42080612 16
-137214718 2
-1833283528 16
-645420511 2
-768754572 16
-1895352063 2
-785230727 2
-1352311745 16
-793847482 16
-1318730000 2
-1143919238 16
1483101652 16
1017016007 16
-971729046 2
-1730258444 2
-327664638 8
1217124722 8
-1586409236 2
185340044 2
-1931488531 16
1784982906 2
385664949 8
-153931724 8
1247182543 8
-1939637896 2
832483660 16
-1865920556 16
1156581096 8
1060770663 2
775269658 8
-530404237 8
1916283670 16
998704576 2
-1625051237 8
-1012831057 16
1611417771 2
1728564734 16
-270129306 16
-2035079748 2
-930989066 8
-586282895 8
162057353 16
-1393545057 2
-83655711 8
2056260630 2
1866034024 16
1449128594 16
1141574210 16
1268697364 8
1995562132 2
1257174711 2
632150840 8
1923283333 2
192369553 2
2097893292 16
1700231757 8
1840009612 2
2065203645 8
445094729 2
-293455246 8
-652056660 8
1110900313 2
1464301699 2
-1345301822 2
591562248 8
-1553666408 16
76996989 8
696861562 8
2134692165 16
-1422209728 8
743053347 2
1773815741 8
139554941 2
-715349431 16
-1062535080 16
404067429 16
-1742872391 8
1102546367 16
110580351 16
-1065627781 8
1361431814 16
-1982218972 8
-1720690355 16
-1241293652 2
-1329459674 8
1736855908 16
871929660 16
212490738 16
-1127880827 2
-1727047002 8
240272006 2
-621317734 8
1069386121 2
1594169023 8
-648623101 8
-19447943 8
200966547 2
1500818417 8
1767372101 2
1147230088 16
-990740207 2
-1068255639 16
-1140257640 16
341368413 16
1633523897 16
-611578517 8
964308077 16
-176328729 2
919126237 8
1698449657 8
-1942957891 8
-1738002523 16
928304257 8
1368542544 2
-1019675606 2
-1928719103 16
947519933 2
-1851884863 2
1153681134 2
-853256041 16
-1519844859 2
926368153 16
-891664164 8
-466879759 16
1689800345 8
-911767028 8
1427389229 16
-1756006685 2
-393744446 2
1394219208 2
43409147 2
488434074 8
1964249189 2
1734552123 16
1069029999 16
-1082160108 2
-163557025 2
-1185088724 16
-1646189357 8
-54760204 16
-697936465 16
-920329084 2
-1475936572 16
-2138782925 16
1323574798 16
-271329615 2
-648464395 16
-494697553 16
1764425579 16
-1695716080 16
1708117988 16
-204519316 2
1401502003 8
1294068410 8
-794095351 16
-596295461 16
1569039139 16
1516248829 16
-1183533171 16
-1635411764 8
1279798017 8
-1984813222 8
1267988591 2
2057373332 2
-749734755 2
-2133216237 16
-353347219 16
2035912568 2
-494314997 16
-505163757 8
-1710092814 2
980074025 16
-1920609184 8
-60410004 8
1645248868 8
450963782 8
-1634683526 2
-507240283 2
-1815476163 2
-634011818 2
-680567532 16
-1142962926 2
-690091879 16
-410192334 8
-1886805924 2
44729889 8
-1309286887 8
-736035643 2
1521567269 8
1821175002 16
1813180049 2
1583408649 2
-1124545020 2
-1735690700 16
-2121284163 16
-592205257 16
-82426653 8
-697537419 16
-298644510 2
-897094587 16
-984568790 16
-940258775 8
87575637 8
-1060113861 8
2123836787 8
1212333466 8
-1515873852 8
-1574033400 16
1107998334 16
-1016725355 8
-2052874899 16
1230166180 8
-915587922 8
821194210 16
-387772296 2
823612883 16
1404436718 16
-2124078787 2
-1047096849 2
506913455 2
479667810 16
-1017978117 2
-1586195613 16
-951468160 8
1033301161 16
1755096418 2
-1068180226 8
809441051 2
179267302 2
-1389073445 8
-103273376 2
-723442672 8
827527946 16
-2097102282 16
63895246 16
1320816659 16
-63725876 2
-2054759503 8
-3333017 16
1448943962 8
-338970434 8
-1653684239 2
763870466 2
1465589021 16
1058330269 2
1909970610 2
1547386966 16
1977559542 16
748949342 2
661549581 16
698848770 2
1363535644 16
1168775548 2
-716750340 16
-234862052 16
110806685 2
813696631 2
1428200002 2
-245109796 8
-32602577 2
1042267785 8
1795376890 16
1444676334 8
472299745 16
486559243 2
-968903148 2
1748835004 8
588797595 8
2063111500 16
1426685302 16
1261648904 2
-1350474056 2
-433545353 16
-790673553 2
-1605307129 16
1327147367 2
-1246161625 2
814387496 16
1587462431 2
-930675927 2
-392526536 2
1373272624 16
653197292 8
430515862 2
-986213518 2
-1511850056 2
-316810243 8
1947993179 16
-1413934578 2
-1594718398 16
-1975457870 2
1993159056 2
252880512 16
843768885 16
1693813601 8
-1191395419 8
-1468637208 16
1185015456 8
792106448 2
1412328351 16
1637959581 16
-1366508252 2
1571230933 16
-831558119 16
1967837292 16
-955959380 8
-759805044 8
730947326 2
-1811482530 2
-1530023088 8
750632148 8
-580661863 16
990297724 8
455914341 8
844144265 16
873633974 8
-1613096901 2
-171227602 2
167058734 2
1748290883 8
-650330492 16
389443351 2
1591984793 8
833154334 8
987997518 8
-987548322 16
-1418917194 2
-1140375220 8
-2114801785 2
-762837398 16
-850706775 2
501269335 16
1162419773 16
147412708 2
1805961236 2
-359004839 8
2036543939 2
1225433528 8
170702347 16
-1139859974 16
666530450 8
-1404030444 16
-2046037079 16
-425937422 2
1836851107 16
377922567 8
188775996 16
-334332884 2
677677278 2
-1561917282 2
1602761855 16
-1277389451 2
-698846386 8
1584157256 16
1118604506 8
-1531109524 8
-204440447 8
-1511477309 2
1129159036 2
291816654 2
-916240396 2
-143453617 16
-1781646063 8
-1961414337 2
-1388726478 16
1558947839 8
1559668025 8
1409516793 8
-2125370910 2
-297576784 8
1868487785 16
44187651 16
-1527773164 8
-1780217463 2
1290090708 8
-1445281478 2
-496499744 16
-1183618798 8
-251064339 16
1219252893 8
99301540 8
1095772344 8
1862020652 16
1580599124 8
1562268636 2
539880233 8
911692178 8
623188199 8
1685018159 8
-707390583 16
527301105 2
-1985472436 2
-1901021467 16
-1127311766 16
-172948209 2
-1325846413 8
-749545633 16
2022501881 8
1818414460 16
-1857087734 8
1116899290 8
-1026810109 2
-895338787 16
-1402765150 8
565134263 16
-476038297 8
622931907 16
-1287250468 8
484451748 2
-356741364 2
209252049 2
-1364221052 8
-1208342769 2
276696816 2
-1847336940 2
-1890908786 16
1152435306 2
-1246851781 16
-492334492 2
159571842 8
1724446410 2
-1262425650 8
-791548577 8
-1886859817 8
-311797305 16
104169899 2
909087350 2
1753867482 8
-417277145 2
1972094239 2
-1652960157 8
1039879726 2
-526854964 16
-478541268 2
933677189 16
-1180982332 16
2117718007 8
-478724184 8
98044140 8
973560120 2
1928127806 2
-499427792 8
-1912817449 16
832144491 8
-252814689 8
1648176660 8
1592754959 2
1822039593 16
-93162109 2
-1090575724 2
-1268878467 8
-1448050587 16
1450435433 2
-623634532 2
1878297613 2
1704812181 2
1296228884 2
1572704107 2
-425020207 2
-192562881 8
-558117825 2
-420461246 2
-1791490320 8
-1059635681 2
-1239084602 2
254128600 2
233233396 8
-1181150392 8
383914938 2
1380054105 8
-1058396724 16
-743763453 16
1765471235 2
-164497257 16
-686619832 2
-1092483867 2
612421016 2
-658230651 16
1499314232 16
-572477259 8
1611109816 2
189846865 8
-144860333 16
294715576 2
-1874511820 8
577950117 2
132928000 2
-967149109 16
-548991595 2
1566788255 2
-416760073 8
1834578194 8
-534917112 2
699232555 2
1867542081 8
-224210236 8
1741450418 8
394892816 8
1868555497 8
1642777802 16
927736220 8
38625376 16
-566666151 16
-1818702589 2
1206266689 2
661700896 2
5583265 2
247254012 2
1616061288 8
-33020 2
-2142275061 8
1837218475 8
1758341349 8
2050179234 2
-450586350 8
863507856 2
-450566364 2
-1937701587 16
-922034914 16
-1395004866 8
1883034377 2
802090336 8
-520973912 2
871255727 16
2002184292 8
-678272505 8
627391339 2
-1594280577 2
-1102310490 16
-311609132 16
1232336600 8
-504997131 8
1135447640 2
140142733 16
1884897133 16
-1579140315 16
721296866 2
1478804610 8
-918060832 16
-841525436 2
1144782566 8
1308997676 8
-862447868 2
-1780783503 2
-1473685414 16
1073624390 2
922639650 8
-1632840031 2
-678370305 8
409869411 2
-224946442 16
-1766635651 8
-1961557604 8
1100856418 8
-1542527415 2
1541203516 2
391914717 2
-37690959 16
494016103 16
653258349 2
599348171 2
239050194 16
124958058 16
-1234713121 8
-317825780 16
-1610299538 2
412064153 2
-344966002 16
-190670799 2
-801700033 16
1461977193 16
-717383865 2
1460480991 16
-1962829769 8
1237880580 2
-1831810819 2
-440833634 8
1713850503 2
1940712798 8
-413694492 2
1044982665 8
-431589700 16
-1892152383 16
1530080073 8
858245786 8
238836606 2
1597148512 16
-434523321 8
-333487830 16
-322870739 16
1124554101 16
-1371114108 8
-929684590 8
274291976 16
624626076 2
410493358 8
-1487782379 8
-197601156 16
832637617 16
-456811480 2
-688676635 2
1339091577 8
851006311 2
2060589856 2
613572704 8
1887814807 8
1657179824 2
-1921287908 8
-1695181214 16
-585181877 16
896117853 8
-2134766989 2
-362298885 8
1669377764 2
-1935715105 2
215490667 8
168482905 8
-239453870 8
132975418 16
-875117916 8
-121864234 16
-1260076395 16
-373009968 2
2136034088 8
-86524469 16
1224478874 2
1036716018 16
443563147 8
1296061276 16
1657314427 16
1835835012 16
-1066528410 8
-1133249440 16
-194580979 8
-950759106 16
518221363 16
1547734528 2
177684233 8
2064641231 16
-1839016527 8
-36938753 16
-934733110 8
-838409254 8
-1919476415 8
1296857522 8
1993056480 2
211298238 16
-36493145 2
-70450711 2
-1206665891 2
1366046487 2
543072141 8
836918171 16
1690713392 8
763298962 2
-1995256343 16
-1192276747 2
1404702089 2
257125839 8
-1223774255 8
2006185662 8
36747396 2
-1126479473 16
-848370865 2
-697994769 16
-170296764 2
-34170621 16
-1343370534 2
1276375569 16
-1628020426 2
-155459138 8
923848012 8
1992657381 8
-1196797490 2
-616231801 8
1620986528 2
90806724 2
162084939 2
1976867121 16
1605322709 2
-1740049991 8
658589872 8
-811685301 16
1077793410 2
-790461818 8
379983310 2
-219893851 16
1548807462 16
-1641052343 8
822169342 16
-1803048129 2
1820513859 2
411315618 2
896407372 2
1393835928 16
-369922914 8
-2066663721 16
-1901855963 8
-2047465846 8
833487386 8
-1093480945 8
780682334 8
-1937408672 16
911524616 16
-2062639706 8
445305741 16
-1383839875 8
-920459151 8
-793070647 8
104618261 2
1603369382 16
1146771715 16
1556971086 16
308562194 8
1375408673 16
-225511061 8
-1820558720 2
-2146273911 8
1410612277 16
-1888769220 8
2099523161 16
46956640 16
741335596 16
-1841270925 8
-1293771215 8
68442568 16
-1838887416 8
726036828 16
319643238 2
-1215079756 2
-1364069357 8
-1456337750 16
828184539 16
1666096509 2
-27857811 16
176124742 8
11305576 16
1215557235 2
-1970469692 16
706714208 16
861170862 16
727250540 16
1761950664 8
-1085227742 8
-329416816 16
41768691 8
578996280 8
26205168 8
-1799674079 16
1347523079 2
-1849886720 16
-1694131913 16
-2019342300 2
2058047591 8
158899445 2
669282218 2
-537682645 8
1186580083 8
-292607392 8
1559503621 8
2026340871 16
1952005969 16
554810159 16
1759004869 8
-1362505288 16
-814106916 2
1786032155 16
-1146079265 16
1748289327 8
518905712 8
82992597 8
169237394 2
341907752 16
-87310616 8
-1217239183 2
268871797 2
-1014212276 16
349208861 2
945743664 8
242804879 2
1911035039 8
1415770742 16
1918952019 2
-1405547369 2
1188837089 16
1683036420 8
457570275 2
-1946422996 8
1400634915 2
939618786 8
756521717 8
2033878557 2
-1647559503 8
632559573 16
-1307078327 8
2007594636 16
1934001201 16
-1426998208 8
376821022 8
-1688916043 16
2043814928 8
919854785 8
-504566630 2
556761153 16
-535540764 8
460217642 8
-1356677851 2
-1824784753 16
-1758208510 16
1709843770 8
-785214768 2
1805458577 16
-1380194488 16
1678615177 8
-986805206 2
640493890 2
-696581761 16
-56056091 16
327784895 16
-472887346 16
-1756037682 8
791209638 16
2034379499 8
1975522391 8
841372464 2
-2089799293 8
842226693 8
-2133344264 16
-873406782 2
1883278903 16
-169849749 16
-1600571711 8
1739978697 2
957148633 2
-477978370 2
1134224167 16
1873951777 2
1097563634 8
-884414288 2
-1965660889 16
-203615568 8
1575467123 8
895168910 16
-2113004962 2
-1805891477 2
836631533 2
1982509032 2
-103972058 2
-436921278 8
-1344680924 2
1370221148 16
-1103769502 2
-1987739049 16
-935253354 8
-476487552 8
-60477927 16
-1331543022 8
-2042286216 8
-1818994407 2
-505452935 2
2109313412 8
-455439184 16
-195064796 16
-534256799 8
1385958059 2
1102397095 2
1086514959 16
1818223303 8
-1874487022 2
1075846200 2
-967870117 2
1035498490 8
-1274760262 2
1128914610 16
750525232 2
-581368068 8
-1873684583 16
-1038854805 8
-2138078380 2
2018256199 16
-103270948 8
-876619280 16
-758916104 2
1069067257 16
1820594984 16
-1357468105 8
570591297 16
759181227 2
-1778558817 8
-1104954160 8
512163260 16
-873642854 16
448888584 2
-590283554 8
958015741 16
1318595630 2
1030693453 16
162964765 2
-862049883 16
-713625199 2
319360361 16
1299501109 2
-1436100 2
524861125 8
1019737223 16
385658287 8
-657362638 8
-622083583 16
890884686 2
923661283 8
416780602 16
1678933629 16
1761994938 16
-1379068591 16
-1475020349 2
1524813914 2
-917599608 8
810896214 8
1327913825 16
-160670603 8
735875661 16
957927069 2
1393173053 2
1927654796 2
-1915437812 16
1590381025 16
1044202030 16
-1944413286 2
795102296 8
46909305 16
1868307284 8
-1850959210 2
195927248 16
-1357919511 16
-725886138 16
589368318 8
-456967310 16
454105970 16
1161081311 2
-1862133022 2
673557432 2
2071518325 8
-92648313 8
-1281484587 16
-1691397157 2
384611672 8
2021665269 2
-1830387372 8
-1323268413 2
456655205 16
1674510197 8
-1871921746 16
-816493096 2
-1355774329 8
-175155399 8
-817695153 2
-277587874 2
-1775503950 2
-637221739 16
-29952557 16
-1394639876 8
719588183 8
1126000128 2
1461393124 16
248778441 8
1075780544 16
-1767374940 16
1543451696 2
-1413681972 16
-869083764 16
2034615146 2
936720270 8
-1368552117 2
1426839948 2
-1034087525 2
-2087006131 16
889662192 8
639930537 2
-660169223 2
-1015880604 2
-2060908200 16
-853412508 2
491046427 8
-1988334147 2
-11820530 16
1593360399 2
-1353885333 8
-1923382116 8
1620737723 16
-529978737 2
-759718694 2
-938084094 8
51646963 16
-1179353898 16
-1205075422 8
-1076485602 8
-1381780529 2
-399162289 8
1299413981 8
-1672027681 2
-322147305 8
573331562 16
1847490834 8
-1402167350 2
2107374929 16
-1127059635 2
1910391494 16
-1694264237 8
450453822 2
-1867702919 2
-1102696367 16
1391663482 8
1463635463 2
1618477880 8
-1276408527 2
-1402233982 8
-1714122672 2
-270559353 2
-1396480555 8
-1538662307 16
-978191059 2
-980992582 2
-29945958 16
104476176 2
1549081333 2
-1032874347 8
1567293375 8
-1729046823 8
638072121 8
903574579 16
-955167884 8
812026802 2
-985298972 2
1822663832 8
1863376919 2
548183946 8
842635860 2
-561806938 8
-1401496185 8
-1634904458 16
791646781 8
767124841 2
-1535811907 8
504754005 16
107805557 16
2001147672 2
1266158603 8
-94135932 16
845271918 16
564602502 8
-1232709080 16
-1188353500 8
-1142167173 16
669956028 8
1681780882 8
288581005 8
1851435894 16
2078424776 2
-995362783 16
225787123 8
-164961839 8
977965122 2
-1276008887 8
-909963299 8
-86683262 8
1969998459 2
1318933418 2
281844328 8
348487884 16
-544367443 2
-713380571 16
-768977202 2
848696463 2
1324799533 16
-2047682260 2
-1937804318 8
339589876 8
1833740798 16
1255884007 2
-1028908431 16
-236504004 16
705248363 16
1674486853 2
560381840 16
1924415786 16
2005768345 8
1179035843 8
2088500919 8
-1430928326 16
-713052666 2
-66780741 8
465345690 8
1100568883 16
-163147974 2
-286959301 8
-907130312 2
-224790111 16
2011425150 2
59473173 2
-1876782439 8
1072135619 8
-884706064 8
-599083693 8
2023914986 8
1021692099 16
1305218120 2
-514954332 2
1626950227 16
-1490088928 8
2017024913 16
-1168925179 8
-449810379 16
-90425412 2
-1557183953 16
-944553440 16
-1825548990 16
-1548878795 2
-640946249 8
222974712 2
-315415302 2
-2074817757 16
1731396463 8
-1875027499 8
1109445878 16
1421275154 8
1285122034 8
1675469443 8
1782957625 16
-230783747 8
800068401 2
-1173858026 8
2047826059 16
1191444169 2
843776817 8
1833621382 16
-1076466865 8
-2106216982 2
261575370 2
1662513695 2
1580607106 8
-568670448 16
799694525 2
714309782 8
1603860115 2
704893869 16
1083686895 16
2010022802 8
-244439686 2
364387097 8
-27946008 2
1448923694 16
-141689099 2
574543483 2
1506721444 16
-435009580 2
876303469 8
949533610 8
-1966676 16
-738904077 8
-1283766757 2
-1321392684 8
-792172932 8
1756412734 2
1929928641 8
-1967927321 8
-1687970847 2
234301274 2
1921835738 8
-342425162 16
1076712215 8
-1946623813 2
-1688782006 8
1286965415 2
-1439378829 8
-1982185380 16
-372799842 16
-188196694 8
1373547534 2
742425862 2
618649549 8
299257682 16
-1861480127 16
-19898546 16
1537708016 16
1459279597 16
274644540 16
1192650758 2
-2070477522 2
132961339 8
1235887347 8
1994773049 8
414848123 2
-1848872899 8
1087390147 8
2091102070 8
1991655555 8
