2143
-1636872256 2
853370118 8
-1438651465 8
1429541028 8
1606653700 16
-918991279 8
-605992268 16
-1376868774 2
1955483756 8
293766730 2
-776791124 8
-446198839 16
-390954986 16
1203789234 2
-1878419936 2
1771459914 2
747887105 16
-124585348 8
547684586 16
496320206 16
-926637216 8
1926558575 2
424191223 8
-538350104 16
-2023563990 8
819407066 8
-1392406754 2
1477511250 8
1267243461 8
2142534331 2
1437375877 8
480720688 2
-338229611 2
983481870 16
1622155115 2
1694161321 8
1183477739 8
604674679 16
-39636162 2
-607806818 16
-447840262 2
-593443801 8
-1433663424 2
-1559133991 8
-265776412 2
-584173789 16
690560015 8
-1865334596 16
-1525862365 16
-116082280 8
578397821 8
-1856379192 8
1143268371 16
530169225 2
1749644297 2
461823169 16
-468617095 2
1482965160 16
-404536629 16
1709336530 16
-287033387 8
494555309 2
-793344415 2
-1939205021 8
820828510 2
239900038 16
-700622602 2
99398798 16
1210574607 2
1286164646 2
-1308330951 8
1479387100 2
-613545817 16
-113978340 8
-54265783 8
-505327930 2
842209360 8
1517781246 2
2134367059 2
-792790859 8
479634901 16
-1071284483 16
-667354333 16
-165573317 16
-731531368 16
430766625 2
528828019 16
-1621683299 2
-1558273837 8
-1439959041 16
-948178436 8
381457597 8
-2095931235 2
-637851316 8
2087703093 8
-1173412381 8
1236729676 16
-1493095418 8
-749012965 8
-926682971 2
963136205 16
234650451 8
1865930721 8
173751262 8
1062781070 2
-598090523 16
1145422415 2
1230139449 8
807126943 16
1390149197 16
-1879343099 2
460402614 8
-540817125 8
-1527836212 2
-1434182095 16
154835327 16
817231532 2
-1403264756 16
324321881 16
1559181938 16
1976866809 8
1218774456 16
1231478624 16
-1183003842 8
1463575166 2
-1919121896 2
839791350 8
-1189023434 16
-34965868 2
-710979585 2
810247077 16
-711021929 8
-529401469 2
780115370 8
1027733614 2
-43291013 8
-1487406668 2
1810290482 2
873796116 16
2010710554 16
417176726 8
1714567233 2
1333086828 8
121349317 8
2088739093 8
-1965265708 8
-2065857640 2
1880995420 8
-197667479 8
1903599857 16
-662493033 16
696517124 2
-155737060 16
2066895039 8
389955501 2
774236431 2
1671647535 2
1322674527 2
-1790281203 16
-1537322781 16
-871630340 8
-1482006725 16
-2110497005 8
1592203745 8
1569725536 16
-232947333 2
657897970 8
-1275707372 2
178267981 2
-371466623 8
2060666314 8
1150423981 16
1623050457 2
1224284021 16
1291313566 8
-267070827 8
-53362934 16
852002360 8
805837120 16
568524667 16
-2048499154 16
-1129136473 2
-1528575811 16
-800092341 8
785260322 8
895933090 2
-321799429 8
-1444529006 8
-629555321 8
-1458350403 2
1505253059 8
-22184724 2
664239942 16
407440192 8
-465235126 8
1489845661 8
-2022490717 16
-1410766500 2
815856807 8
-2064302298 16
875349604 16
-1694025948 2
-996480494 16
1143900913 16
1007715948 8
202044791 2
-806617368 16
630283883 16
-1103501034 2
-879366413 2
-187492777 2
-2129160942 2
724322755 8
1154818676 8
1357549535 16
-1915264527 8
-512979914 8
-668028422 8
-806162599 2
304229927 2
-1216191385 8
-2073188079 8
1850309875 2
-1080058162 8
1019235417 2
-2139436813 2
-1234812046 2
-663630084 2
1882399075 2
1779292807 16
1954870081 2
-1100373926 16
-1463717333 8
1721733425 16
1616700037 16
2021634834 2
-2082898280 16
1658427600 8
-1115022931 8
1836348054 2
2077414151 2
-1471462851 2
-376590934 8
1577440374 2
1673661277 2
467457923 2
2073774101 16
506042737 16
1870843130 2
-300958090 16
1312395593 8
-533652269 2
-682742633 16
1052298542 2
-916952001 16
1948079067 16
35126643 16
351225221 8
1037701722 8
-884402012 8
663654384 16
997434484 8
-325814465 2
-1259799812 2
-524366436 16
-2079340117 2
-1972481920 8
2005176977 2
1692505745 8
-1949398718 8
-262008237 2
28004178 2
-1974222968 16
-465435842 16
-403965684 16
739278679 2
181678494 2
-500081309 8
1144153857 2
2116343078 16
-1105299665 16
-1199221532 16
-449954911 16
1163090368 16
-1160633170 8
-1726037050 2
1764228322 16
-1930560888 2
411332775 8
1934406418 16
-861103531 16
1218866845 2
1539552738 2
-937233897 2
-2092877297 8
1534198753 2
-2088892671 2
814515313 8
1994357899 2
1009708443 2
1621175118 16
772540128 2
561673476 16
658165703 8
202623529 16
423383984 2
-1164167320 16
-369846130 2
801685965 2
-2035892905 8
2121065865 16
-1193942217 8
-350206233 8
-932982536 2
-2017732728 2
1969597247 16
-101657769 2
-1382172940 16
-36611229 16
-1670305317 2
2012475452 2
763566761 16
188041022 2
802557002 2
2125280744 2
1363749307 16
-206894843 8
-1650385586 8
-592849083 16
1446558137 2
1569132814 2
-56436672 8
-1727859815 8
1758968396 8
640483899 8
-56001726 16
-1547540026 8
-1041735500 2
-451855266 16
-734175106 2
-398545960 8
-271126187 8
-381987034 8
-1770766405 8
-1609756681 16
177360120 2
599879360 8
-91445005 8
384560598 8
-2047667 16
901735565 8
619722914 16
650501387 16
343606976 2
1707827270 8
1883150310 16
1368782336 16
1881883798 16
1588088234 2
-1455774065 16
180094699 8
386860927 2
984347873 16
-1975144705 2
540257776 2
1775508200 16
-431183221 2
-1868004168 2
2097374743 16
1524200920 2
-16812406 2
-471591569 2
-1785030249 16
253946894 8
-775796275 16
367927103 16
2019236093 8
1843979620 16
-1565252950 2
626752687 16
1023758896 8
414950485 8
1474399590 8
-1430474777 16
2042606408 16
-535998261 16
-1145893940 2
-948037902 8
-1698594421 8
-525813461 8
1318653513 8
-2140378782 8
1031591393 8
-61949629 8
1015588944 16
-954444578 8
-1821584751 2
-417770113 16
-517957856 8
-678089023 16
1902373188 16
1676426724 8
-1192415634 8
-162870655 16
766461453 2
743754752 16
-224002482 8
-816312527 16
1777099746 8
-1625232303 16
-435286162 16
2122907737 2
-1541304542 16
-478430602 16
1018022641 2
1184188468 16
-1877334540 8
659490274 8
-854926995 16
-1768608980 16
1916976940 8
-404557742 2
648391781 8
1602171516 8
1453684932 8
-141930526 2
921998452 8
796870633 8
1309123313 8
-1168058648 16
-329462788 16
-691048587 2
-1717277085 16
-1310206531 8
12352239 16
-1076605281 2
-994422566 16
587294124 8
-1092088431 16
-1652885153 8
432577522 8
2115338238 8
-1361233914 16
1221829616 2
1038899759 8
-1004722434 16
-368809081 16
-1926259479 16
-1023803161 8
-819897197 16
1396988440 16
-1155856227 8
2022828979 2
-1663135051 16
96436096 16
-1783824637 8
364685986 8
-913706717 2
1135614509 8
1042714153 2
-1332955744 16
-1476613180 8
1039563685 8
405152154 16
1735481753 2
2115817957 16
-599088771 16
864132155 2
30194444 8
457818641 16
423216520 16
32465163 2
1948348433 2
-396895026 2
75928656 16
1091272989 8
257952998 2
303549048 8
645917464 16
-1270590101 2
-777192051 8
-119127068 16
1666855766 8
-2016967614 2
725641559 2
-1248643268 2
-1307117857 2
-998724643 8
1301478779 16
-369673648 8
51762533 2
-277968875 8
-285008687 2
-380035914 8
-1354570228 2
1186242474 2
751680548 16
-1213510023 8
1522404439 8
1587271622 8
1385232304 16
1340191892 2
-130970507 16
1544540270 16
939069812 2
612327235 8
-1736080879 2
-428095671 2
-191342094 2
1747032054 8
-1453081698 16
-536661088 16
-1858495879 2
1127665116 16
66964511 16
1886072152 8
-1100929601 8
1269133520 16
-1695352840 8
-865240586 2
338491711 16
-1625382401 16
1856156484 2
911949821 16
74641652 2
-1978218112 2
1284361699 16
1818334195 16
-822216094 16
-483078850 2
-840595361 8
-1968273219 2
-1185780139 8
1623950281 2
1367645840 8
-998542095 16
247536323 16
314060159 2
306603229 16
-1969111358 2
1816962083 2
-51185752 16
1422850680 8
1062334133 16
-1844240993 16
-45275002 16
1767377478 8
1685417082 2
928888607 8
91666507 16
1232094751 16
442129072 16
230598270 2
-1656532165 8
-575443280 8
-1861276984 16
-1318673018 8
-264529734 2
-157486901 16
-2147353725 16
-147974432 16
1130041217 2
-628354115 2
-1007808138 2
-2136065501 16
-2033785024 2
-1737925961 2
2019032292 8
-586743499 2
1844025042 8
-882652718 2
810985317 16
1291825610 16
1975370592 16
-1214083955 2
-1521948648 2
1570546743 2
849953882 8
-1886782913 16
1517254633 2
2013635179 8
-1103147105 16
-9996700 8
-63312821 16
441799813 2
-125913405 8
1984042276 2
-1685347835 16
1648309452 2
1035639347 2
-460921778 8
284740176 16
1056835967 2
-1925200045 8
454488854 8
2027075748 16
-639301817 2
-619002113 16
-1313963400 8
2016435840 8
848644132 16
1116952174 8
1729006613 2
370971693 8
-841689756 16
1035409961 16
-1571569504 2
-1248749150 8
1696368983 2
-544081613 2
1378651080 16
-32532950 2
-1141193885 16
1867356183 2
1671453021 2
1923404403 8
1510547998 8
1175432323 8
-270077550 2
175370127 2
261431882 16
-614685067 2
1986561543 16
922479665 16
-139883835 8
-1261100541 8
-900811978 8
-1536103930 2
-1412291474 8
1701122048 2
684053410 16
688443424 16
1810029853 8
805648358 2
-1878716539 8
2133625780 2
-2121052323 2
-1896020299 2
-1814563497 2
-1664502938 8
703827373 2
227943527 8
1180017206 16
-622626723 2
2098067445 8
-1098732137 8
1295732105 16
-1321740672 2
-1795580884 16
-1704437293 16
-1739502407 2
-1832653076 16
163961728 2
-649077347 8
-309093898 8
-535668625 8
-580278395 2
1164494148 2
-1297551867 16
-419798711 8
-21340630 16
1222781657 16
-792520140 8
-1038955622 16
-2046642738 16
-872694331 2
-1797230773 16
-1903895557 2
-1762203429 2
2074535265 2
1374694656 2
-411782957 16
2100877930 2
1975778942 16
309829569 8
769701213 8
1212617147 2
877385767 8
31089556 16
1630724027 16
-366783207 16
30778410 2
-784496413 16
-1198742675 2
-285612311 8
1792003088 16
-1643411762 8
-1174381062 16
-43378216 16
1053681040 2
1421272649 2
529665228 8
-1325501215 16
-135934403 8
-2144559404 2
163759155 16
2086474981 16
-1643176568 8
-409959944 8
-1851983665 2
258469417 16
796500968 16
-266041182 16
1802910143 8
2102669028 8
-187236622 2
-1046808370 2
84802537 16
-2134852830 2
840421828 8
1221577014 2
30898230 16
-1792409207 2
-1514904233 8
-991156938 2
435733969 8
-1517504157 16
901211802 16
270319470 2
1914785757 8
1370831191 16
586012616 8
1351233406 16
340080916 8
582211449 8
1811062828 16
-2323125 8
1459287602 16
339287376 16
-475937364 16
1125725592 8
-283696862 2
1580117766 2
-1495489437 2
-1147166444 8
726947239 16
24072288 8
1384981102 2
193723654 2
-768391801 8
-2014382033 2
1597306559 16
-871826170 8
349808472 16
810119832 16
891194290 16
-374453558 16
1478336241 2
-1050976149 8
149515083 2
-100194065 8
-2106652855 16
185089074 8
-170976330 2
-1664074934 16
905241967 16
1683871815 16
202261999 8
-1311908663 16
1077015218 2
5666401 8
-503306771 2
241450565 2
535951844 2
-922233233 2
-69642216 16
749186586 16
-594490848 16
1546789917 16
-614620219 16
-1665870326 2
1675491574 2
-987886941 8
1307793242 16
576918128 2
-1323133817 2
-297006986 2
306024724 8
-174877008 8
36910679 2
-1449598139 2
-1636232372 2
442080860 2
1710323887 2
1771060871 8
-206683677 16
1012685563 16
-2058535677 8
-1175154308 16
-52434893 16
-923140657 8
1177563579 8
-1978261638 2
1600649708 16
-1564109578 2
-1683821092 8
208532618 16
-762538173 2
1188139148 8
1624310176 16
104319685 16
-248861564 8
1370032862 8
-1529365948 16
-949626336 2
436128824 2
-1667279795 8
-2063092085 8
996623797 2
174553129 16
-1510337590 2
315145241 2
-280137052 8
-1325216617 2
2121976338 16
-1859834088 8
1431685973 8
-1223233932 2
635844092 16
-2121886854 16
1935566129 16
366320205 16
2067122601 2
-248946283 2
-1842500590 16
-78096001 16
928457460 16
-747635761 16
-231348907 8
395963736 2
-1139644915 2
-1294404537 2
1527855528 16
431275110 16
1325168981 8
-975492721 2
1126085059 8
1076410673 8
1346669897 2
1797067102 2
98690096 8
1231196492 8
-1182531206 8
-237638181 2
-556725549 2
-1935751485 2
568323331 2
-2142287846 8
-2054592261 2
1617138352 2
-1717227107 2
1637109280 2
672367387 16
-1474850833 8
-410131981 16
494112175 16
-1877643413 2
-424096655 16
-414540916 2
-64761623 8
-957979453 8
165776128 2
1995010290 8
463338329 16
-1827996418 8
-215291542 8
676240676 16
446759383 16
-659284222 16
-77548832 8
-1363902040 2
544172770 2
-1124730214 8
-33108859 16
-676046244 2
1653522209 2
-846042258 16
-1483462730 8
1036157591 16
2082033963 2
891316701 2
1638093905 2
1095063555 16
-931291527 8
-150145807 2
469956739 16
355522360 8
1944240635 8
734218773 2
2018274693 16
1754716771 2
-1696977185 16
699146709 16
-69720697 2
-267004368 2
-546103865 16
-366306741 2
-820050917 2
-541904106 16
-1616286199 16
-1076523727 8
1200770652 16
363094002 2
-1692485883 16
791930627 2
-44737876 2
-1848431644 2
1962270860 8
1843976526 8
552237914 2
-388180968 8
1832919996 2
2122489841 8
-1323391535 2
-680754930 16
647108475 8
1552919357 8
-865876299 8
1291130186 8
308722817 16
944081910 2
-1583088080 8
-1540239816 2
1013106073 8
264408558 2
396670434 8
-824467021 8
1996976913 8
816911803 8
1709506734 8
457423098 8
197795016 2
-609101671 8
2049249593 2
-482639966 16
-15969484 8
-1761364214 8
107098897 8
-2025423096 8
-429451139 2
-86883898 2
-1282970922 2
1192063056 8
-932907396 16
-1319329248 16
-1028178693 8
-1868221575 8
-239256235 2
-1961050605 16
-229196986 2
1723577223 8
-2144248108 8
237719015 8
1186732657 8
-85929834 16
835876451 2
1198029893 16
-514195628 2
-1284682750 8
-1503382047 2
539412818 16
500595806 8
1146813445 16
99000520 16
1923618405 2
-1550948406 8
-287806519 16
-412864531 16
1148593402 16
877561622 2
-369763815 16
21843873 2
-1245122534 2
1671094722 8
-1146989219 2
-345075241 8
489937218 2
201531567 8
-483362720 8
-192872412 8
-2103099943 8
1398973676 16
-1322198034 2
-222974346 2
1423009058 2
-1985931257 2
-1548043147 8
-1219480764 2
298079111 16
786014082 2
-1394868420 16
962813865 8
1450940822 8
1813424251 16
-1742271791 8
1916831116 8
-1259016761 16
-541822578 8
586499880 2
-602031113 16
-1139211917 8
109365817 2
-687550425 8
-453197388 8
2083951525 8
-657298380 16
-1344015461 2
-1542107414 2
-2098507768 2
6977930 16
-1799053444 16
1792426347 8
215717195 8
1481479125 8
-1030436845 16
-1556168259 8
1903747027 2
-362869375 16
1925602507 8
1977910605 16
2029386187 8
-171143982 16
246199451 2
462525123 2
1801875738 2
1921843820 2
-1221993335 16
1562717359 2
-481675624 2
1993598782 16
1806036511 2
1402342741 8
-2002822635 8
-651821149 8
205451037 8
-1733015263 2
1609472107 2
1501781969 16
-1970099212 8
999801229 16
-193355139 16
251914935 16
-67948722 8
-1965698264 2
-1867846243 16
-1309751225 2
-1174191860 8
-1840416453 16
-2120826817 2
-243510574 2
290280600 8
194412811 2
-691332986 2
-1322963091 8
189795784 16
830041268 16
1962386658 2
1353866425 8
47894760 8
-1795698270 2
1264363699 2
1785659835 8
337582229 2
-79284457 16
1347602700 16
374341134 8
1401303258 8
-64404701 8
-837629973 2
-973082921 2
-865787385 2
-1801354186 8
-1901917487 16
519651940 8
-117730032 16
926977169 8
243010554 16
-1891089282 16
1587458269 2
1948308435 8
-1683446730 8
108209061 2
1293149113 8
1057865037 16
801650973 16
-1188457158 8
1959716415 16
-1336317268 16
-1625312799 16
206946929 16
-2065395831 16
-1157388196 16
1568341699 16
-1861663005 16
963738898 2
849440684 16
-1607693102 8
-42851768 16
-1052690316 8
931755045 2
-1996517277 8
585814583 2
739867296 2
1784041895 8
519643678 16
992869165 16
-1289311172 16
869805147 2
552628784 2
1865027232 16
1977442065 2
338641222 16
1534752408 2
1085958106 16
-218589339 16
1311977743 8
1225852880 2
329655624 2
911932773 16
-1083792820 16
1904099158 8
1126542537 16
-234142393 2
1491529098 8
1577560812 16
606177451 16
1594626878 2
1595006473 16
1626370526 16
1872077047 2
-1480830747 16
-1788126393 16
-1684234301 16
-160304299 8
1040147545 16
-972989201 16
-1692131930 8
607342724 8
1884438300 8
-540462966 16
-1071984270 2
-920146782 2
1073988476 16
697285779 8
-455347749 8
244081182 16
264197985 8
-69167273 2
-447036755 16
226849406 8
-1685036482 16
-1969492407 16
-1734411828 16
-114900017 16
-1827269650 2
-2146685709 16
-1576820848 8
1858751956 8
-1316386560 16
-2011435026 8
770469249 2
1284402961 16
1164262395 8
311030236 16
-59980384 2
-62455920 2
873915105 8
-1751818490 8
1352225804 8
1637761448 16
2088524475 2
-1682184446 16
-881978035 2
1723518305 2
-1507794800 8
-1757189949 16
246429877 2
1573218555 2
1024540802 16
1511661243 8
265723615 16
-1158296583 16
-1405313675 2
1234686950 8
-728776160 8
-1849833567 16
-509982279 16
760605290 8
1880068460 16
-1705526688 16
657528405 8
-1517060391 2
-1436691691 8
1197023346 8
1548844795 2
-358448050 2
833819055 16
547406967 8
-1322165455 2
-851584311 2
-410058702 16
853026538 8
1168273474 2
-1409702611 8
1088464728 16
-764709776 16
-296948674 16
-137548334 8
1176267456 16
-1049623340 2
1383081047 8
921118318 8
-1853733540 2
-1320903161 16
-1207135499 16
1062307678 16
-900999417 16
-1557849695 2
769069351 16
460216469 8
-1794499298 8
1216353878 8
-1736360763 2
-1400305582 8
-24180984 8
-578228987 2
-325443763 8
2071980987 2
2092131235 8
-2002938533 16
-541826941 2
1848973931 8
-1212251293 16
751547879 16
-2077406984 16
192273290 16
509304611 2
-1685094669 8
-1152124275 16
1408768311 16
-1433434312 16
-1637020708 16
-510215673 16
968643955 16
809304706 2
-1641329528 2
-119466633 16
393420161 8
1622797448 8
1535682103 16
-1849545273 8
253779022 8
-520388575 2
561835594 16
-1294534163 2
1048536731 8
1774942205 8
1266326835 8
1410502686 8
925803060 2
411434384 16
1855133436 16
-1348917685 2
1779036869 16
-875468080 2
27410455 16
1360719086 16
2070567614 2
-254860098 16
1217300449 16
-1826333342 8
1386143481 16
-1905988924 2
861235234 16
-1274809970 16
1049129698 8
-1842656368 8
211844637 2
1163463220 8
-1971791158 2
597897812 16
-436461119 2
1896784947 2
722264560 16
-1700025577 2
-686524546 8
-1326311512 16
807850055 16
-574955854 16
2098182503 2
-1430136813 8
2107437766 8
1216610330 2
-433314618 8
-902933015 8
-1893135978 8
-657145593 2
1861238377 16
1090924276 8
13977573 16
-1274149741 8
-1496346041 16
1376358712 2
-1750626644 8
-425645812 16
-1254886682 16
-1513243889 2
-1500724217 8
-279427077 8
-1479685336 8
305376414 8
-1559239990 16
-15543387 2
325324992 2
-1097350471 16
-1149727285 16
-745744595 8
302367115 8
-1894299674 8
-290135018 8
1184217633 2
1151223944 8
-499251896 8
1017528224 2
-653638922 8
-1399010729 2
-828482329 8
1495418109 16
-492490485 2
846071254 16
225187831 2
1025298332 16
901804076 2
-1830514973 2
-1581328079 16
-1959762738 2
-1382389976 16
-2133286999 16
1597111755 8
84207543 16
1316628740 16
-1966113604 8
-142080269 2
1506692128 2
-1171832790 2
-1038130243 16
2115345327 8
1825074991 16
-2109528458 16
-819923360 16
184875095 2
194053158 16
-1840656453 2
297205930 8
-884910741 2
-1864288809 16
1259551102 2
692516200 8
-713034341 16
135759155 8
-1986105697 16
-1261002374 8
344550588 8
78359456 16
-1025790285 2
-1055212138 16
-280766951 8
-1608479642 8
616123191 16
1111660269 2
984574141 2
319832846 8
1046200935 2
-2024016281 8
-118407486 2
1945926945 8
-1292464147 16
-1479267200 16
-931066618 2
-1554628964 16
301436169 8
1608191265 8
1399962192 8
-2023219027 16
470056114 16
-223717005 2
254104600 16
1721822857 16
-257082284 16
617156097 8
76158662 16
282299379 8
-64441130 2
1118219930 2
777340324 16
-983650767 16
1072698408 2
1470187158 2
843050555 8
2061408745 2
1011331653 8
1744331702 8
1436118931 2
-862664068 2
-1354589654 2
-2091297228 16
-206856561 2
1839150606 16
-863134247 2
1734774053 16
971109688 2
-656950479 16
-1216519665 8
304328526 16
269329575 8
1259085441 16
-841437841 8
2112392699 8
213425573 16
-1236203569 8
-524764489 2
640486966 2
-1181295725 16
1842768815 8
867292239 8
-622053024 16
-571973236 8
1231964742 2
763383238 2
1154060907 2
773400171 8
-717402950 16
-962465680 2
-1334092343 2
1848566479 16
1765533196 16
-1164948552 8
-1970494664 8
-1411742038 16
-1597708498 2
-2044055058 8
-1805426845 16
2041333610 2
-198543322 8
48240204 8
-1869360122 2
-1123618711 2
-635232830 16
-1115984947 2
-691111050 8
-595024447 16
-489827233 2
-2040555375 16
1271473052 8
-1568171398 16
-683102005 16
-277651660 16
672870520 2
-1744958626 8
-446135987 16
745662983 2
646640458 2
-372813174 16
-1234402876 2
998395753 2
-1102655860 2
-1729582828 16
140561470 2
1675920867 8
-91596859 8
-488303322 16
279395178 16
-1518122618 16
-890498145 8
-1179661029 8
1454279702 2
-1365158003 2
282148443 16
-851591807 8
587197534 16
1198492777 16
-1282712360 8
-854353474 16
955087618 16
-314331390 8
-2068841500 2
935313897 8
830426126 2
-1915112758 16
1679682067 8
595476574 8
-1993519118 16
2027050242 8
-1443935750 8
-793983170 16
35143209 2
-1871475470 8
863536732 16
-865880894 16
480930546 2
1351872193 16
798738139 16
880899866 2
926012231 16
-2087691720 8
-625909065 2
1574848693 8
69997643 16
-728340214 16
1561465266 8
-165222465 2
1020038207 2
1514269471 8
1044675029 2
611336384 8
747285644 8
1800893920 8
856615150 16
1301054845 16
296457499 8
319420729 8
-1650472098 8
-1796096654 2
-1073766731 16
-1015277571 2
906173714 16
371699433 2
565447371 2
-1032942482 16
-1435274139 2
44006967 2
-1188979754 8
435704807 16
1576191108 8
184814641 16
-204064326 2
569650657 8
-616309865 2
1741195499 8
-449391092 2
-894337299 2
1268012171 16
1577523990 8
317868282 8
260802422 8
1049411239 8
1011696837 16
-1900484939 16
-1624156846 2
2023509689 2
834570940 16
-523227448 2
138238393 2
-1959576131 8
-1020311201 16
1414000995 8
-581628986 8
-762279885 8
-181970752 2
1629170639 8
801365557 8
-1863384868 8
1505324340 8
1445232883 8
-1218093080 8
-1874784023 2
-317411298 16
820896278 16
-1571511200 2
1968175411 8
730285838 8
-698622766 2
-240823207 8
755915824 16
1369859247 2
1483849677 16
2072361501 2
1419169462 8
-887171140 8
-539372654 16
-2134767472 8
-626260556 2
-459025939 2
1884053219 8
-1503097784 2
-1526887085 2
-1429072964 2
2126716614 16
-1908406365 16
1583759826 2
895138571 16
-2072817921 8
-1279246446 8
-1247269037 8
-1145214208 2
1782009748 16
618764818 8
267515120 8
819078119 2
-1650122597 8
-1702371719 16
-111721107 8
372637675 2
1000156584 16
484160583 8
-2145873519 8
918855941 2
1535767454 16
-132940349 8
940667835 2
-1179799784 2
-1260939771 2
-1170590662 16
-549648582 16
-1961135452 8
1439727231 16
714354432 8
1502922927 16
-841380555 2
-385670019 8
1595137250 16
462711470 16
1171854227 8
-42535225 16
744580563 16
-1173257529 2
-730319690 2
-1715545617 8
580883551 16
1402166939 8
1081723857 2
1204430808 2
-619608901 2
935778549 2
-672003671 2
632106467 2
-779792380 2
-674834007 8
1943720610 2
-219946031 8
329948040 2
-2052437792 16
190032217 2
-1062275850 16
1094104233 16
2068931798 8
-1590002246 2
1632979200 16
84576147 2
-1581629531 2
-1919179636 8
63849809 16
-1439520683 8
1778107298 16
-1279140794 2
623374965 16
537578738 16
-928357780 2
160474400 16
-1809664615 8
1040937899 16
347535838 2
1459421809 16
-1716469237 2
80733362 16
-741148701 2
-589248114 16
-580751083 16
1889994715 8
459032748 8
-828846528 2
-211465449 8
730728126 16
1155186459 8
-1886467861 8
-1448569126 2
-704439135 2
-1489413110 16
403903182 2
895758298 2
1942882846 16
-931177771 2
1340717142 2
-1022212282 16
1709776790 2
-1080434226 16
-1712140764 16
-147401008 2
-597510017 8
-1755718058 2
1877784463 16
-413129826 8
-1578820775 16
-939603911 2
763089690 16
271837716 8
-1658516912 16
1905171143 8
1301990705 8
1055395048 2
-694540668 8
-1779022049 16
-2016888235 8
762612201 16
-2143015791 16
1809066164 16
498666076 16
859864088 2
1664531119 2
-376375409 16
1640636721 16
-1279514465 8
766221800 8
934394195 16
571225559 8
-1190490591 16
1636056941 2
-112012696 2
362896405 2
-1856389258 8
1435280664 16
244306538 2
1385266611 8
2139532904 16
2049183665 8
-2000258066 16
460568522 16
554912059 8
1235972342 2
1604041910 16
2123760243 16
-1161706763 16
-668639203 16
276267346 16
-652944933 8
-307987149 8
997717165 8
-2055499758 8
1030355621 16
1988813778 16
-43480002 16
-250354593 16
1329161802 8
2130848431 8
-1448651712 16
-1545358779 16
-1165209939 16
1486364979 2
406300302 16
-1086947052 8
17259043 2
303036165 2
1304692081 8
-1889057028 16
1419772342 16
707916051 8
2042509646 2
-1544348944 8
1937231602 16
1557674492 8
-80424799 16
1989495685 2
-758482407 16
-591508377 8
350257495 2
1062061427 2
-520911656 2
1730734043 16
-682857256 2
184405731 8
627241034 2
-1874355507 2
138600934 2
1398373092 8
-417127633 8
444919994 2
-803043649 16
535785052 8
-806980674 2
1014083510 16
2133211412 16
1645190197 8
-798801432 16
2107640966 2
1652167719 16
1913815132 8
57094270 8
-269542266 16
-2127694726 2
-827321557 8
1164187638 8
-922850283 16
219057786 2
-1718656011 16
-1118156764 16
2055067340 16
-157626316 2
182731407 2
1326206209 8
1008753151 16
58680857 8
537697395 8
379570527 2
977395731 16
847192766 8
920321288 16
48819761 2
-1039415659 2
-1155463324 2
1111160362 2
516073149 16
211337743 2
-249375440 8
307544796 8
-305913644 2
-810014383 2
1566051414 16
-832725011 8
966607724 2
-1681053676 8
-1757921199 8
-588445512 16
-1685475972 2
56464012 16
-1037032242 2
1965181150 8
1347620419 2
-970207354 8
1851131221 2
-1338056239 2
-512282429 2
1646759733 2
286594456 2
32080588 8
-115998804 8
1591452206 8
1897811544 2
124638568 8
837922156 2
-977419234 8
1440296116 16
-507038283 16
1317888604 2
-1714389742 8
-827659077 16
1894378798 8
40956856 16
1330341518 16
351641701 16
217903431 16
781206997 16
-24679992 8
-2074064915 8
-1938650875 16
-744967782 8
94516638 8
-1605264608 16
-1649447587 16
1080668652 16
-580634126 8
931845809 8
1642730620 2
1431185824 8
-552797740 16
-20904770 8
-1919867930 2
-68225420 8
1424499249 16
898908347 16
817367340 16
2073945349 8
-1371482398 2
1544191165 2
-1240041451 8
-961160996 2
-1247258647 8
-267767481 16
-883925323 8
-1987044685 16
-2040301200 8
-1165695577 2
1406466073 8
1017988984 16
-1976781047 2
832260523 16
-248714530 16
829619026 2
700626109 16
221275235 16
-223740622 2
-1764622638 16
804756151 16
1640245769 16
604142227 16
1568028753 16
1194705553 2
876095975 16
-1557976813 16
69760374 2
-675062644 2
2009942340 8
2135545316 2
1720881953 2
990043267 16
1171076309 8
-1872968144 2
-1728652689 8
110727252 8
-1975656664 16
-1366567833 16
-1420827513 16
1443057765 8
474203451 2
1871951008 8
794691201 2
110304796 8
-1768811335 8
-1344440119 2
-125306779 16
-475006680 8
1227990360 16
1303200415 8
2085561177 16
1226818148 8
1375448730 16
-1201666631 2
-533498503 16
967386395 8
-1703857948 8
429923495 8
2071933499 2
2091258860 2
1943114913 2
1591489636 2
-746966577 16
1585936940 2
543314638 2
2060400086 16
-1701077917 2
516985164 16
-1520888536 2
1056609306 8
758330 16
-342839676 2
1456413906 16
354792296 16
1016582112 2
1167910125 16
1169742731 2
691788208 8
-2129026369 8
1551373351 16
-2004157607 8
-1017582319 8
-604119516 2
1539108620 16
-603291331 2
-1826327665 16
245586109 16
750201773 16
-1394390624 8
238127842 8
1556803159 8
-293419587 2
1008688223 2
-400944119 8
-594279482 8
272904313 2
1987431701 16
-865609481 8
273602552 8
-1684262377 8
-563759281 16
-1312594606 2
-360651835 2
-780310692 8
-858918839 2
2100273253 2
1319200439 8
-1939803867 8
714860834 2
-1869218243 2
-778769765 8
1708699082 8
740494832 8
791751060 16
-760706368 2
2056363474 2
364600322 16
-1856741742 2
1901537166 2
898049745 16
-1798149671 2
109921234 8
1304248899 16
555964604 2
1191118648 16
776722406 16
-1128137158 16
814344212 2
-1922663530 16
903732139 2
-1688192438 16
-1455412976 2
-962554133 16
-2098182380 2
-1445631257 8
247213361 8
955731468 8
1736918450 16
285233251 16
201554446 16
-2143955952 16
-1064792669 2
1583090911 8
459695169 16
303919087 16
-526065870 2
536502118 2
-1300027860 16
1958307260 8
-422120076 16
-1973371000 8
-338069296 2
-1383589896 16
614292553 2
-1160298856 8
1967977345 8
1843019470 8
-579692068 8
-20651927 8
659591726 8
228955308 8
2116985557 8
1604204785 8
-1467651105 16
-362570197 16
-1631732214 2
814685815 2
1782955751 8
-872211809 2
547601377 16
-774583492 8
1115822415 2
2065953116 8
2137095288 8
-516687519 16
-346086155 2
923733419 2
1505487694 8
-1899148002 8
807555748 8
1319105313 2
807447917 16
823026173 8
948066526 8
1350686897 16
1761945670 8
-200027412 16
-1368100892 16
145606522 8
1403581355 2
-200474809 2
-268478962 16
-1810047747 16
-1312455521 16
-1585479416 16
-1293345854 2
-170359083 2
-1840554950 2
931324234 16
-2063574228 16
222318231 16
1923212831 16
-1539264508 2
1154570526 8
-1592230230 16
1386596899 2
1069078594 16
-333973143 8
-418117429 2
814738510 2
-1806638073 2
819895659 8
1474376690 16
867097082 8
264699549 16
1372300108 16
-210389039 8
-2083830386 8
1590391316 8
608876046 16
-192096990 16
-815958060 8
1369650149 2
935270943 16
564904473 2
149335484 8
1465486397 16
544101675 8
-596991909 8
521045262 2
-1082613697 16
-486457048 16
-1704335458 16
-1768102781 2
810106053 16
1238690577 8
2086538967 2
256568980 2
-1856642469 16
1508333547 16
-594020549 2
-45973159 2
-1558572956 2
1791646128 2
141984358 2
-1933111963 16
2060839561 8
382528758 8
2097611211 16
633337726 16
258551937 2
-2070222405 8
1624469357 8
1071105151 2
-1487505062 16
-1529548293 16
1487598408 16
-1540273173 8
1083919966 2
-1223120496 2
-1944184767 2
1598764852 2
1601645933 8
1849037285 16
676797355 16
596464021 2
64550404 8
-531532181 16
-687122761 16
-1611990160 2
2061630619 2
