668
-3850
-4267
-7776561
-74026672
756
497
7438451
4469
-6865863
46
-797302
-102421
-64146
84
86
72506
-32489455
-74
45757041
4030018
99729335
483152
14239
137
-79431
795693
-40826797
-10445
7170869
32291648
-726
468
18776819
-9685
-198606
54739
5929083
-64
-90352368
-124
-355303
-7045839
2230320
-65521175
-62978863
-218263
3783006
-6063325
-499503
8590
2231627
150991
-4922
8417
-174370
-72006778
86552
2792
46
-98667583
-60
831439
6159
27
-5273393
1015260
-22794
528763
84787898
-7635360
-4537426
-67187
-51666
213
36
-24091244
-73520549
-5494707
76998204
-64757477
-167105
-35546
-6737307
7629582
-24820
-35
-545
6334
-13
94004
1008
-648561
-7950
-74
-92930061
697397
-461647
-61
43380
3051
-7909
231
20663
82002
-9167
1190768
7721529
794
-79825496
136696
-855101
-2063330
472
42
-871206
404
3913
51380065
-84151
53974850
19706
-97335663
494
52
298
-840
139
-9479880
70
-264
5639
-703368
2966003
992657
-167
391
7099
8026
-132
-219116
-94741
-17324667
-76
-59
-7537944
-26836
8628846
53
38
-329
6832
-9925
-65187369
85
1814364
-2317211
6783678
73400494
-965
-9990
-486
45
-432444
-4719
-6076
-5899466
-27
8592029
95284
63894930
32612037
-96165394
-99957137
99126
43196
3427
40669
-30763
-598
9388
-1342
5090519
82981
-739
-608031
-880
-902477
-740
-59692688
-993
14523
-54
9845
-92
108358
-4539932
-19879143
-566
6173156
86281180
7125194
-4558
598511
-10144103
3024
304240
-705999
-52766965
9597881
9415544
-695041
95
-9878
536561
-69652763
-58
-31031
14119
-33111808
-9898
-87438
7527960
213970
-52
9222
86399
688791
-42
-904
-30
-179
2242330
-739631
-92143
91989
33696345
-971173
-24919986
897
-11
608375
-682
25325451
40
-18323
68
93180
-7587
758
72
-598440
-8503367
9837871
90813
6577211
-17
-31930
986572
8831
-350
-27048
-77620591
-7709
-97
429086
-74
-523
-18
-1415139
-9850032
-97
-11979
-983
446186
648
192
-409
-24
3263618
623694
795637
-1853
-5627694
5379191
45201054
-9405
827180
848300
23
-6850
8043
91327
96347
1101911
-68
-2328
-42
33090
340
6471
319
4243269
-71
444301
-6854
9886760
849716
-821
4283
27
-230
8343800
48601331
-774907
9498
-44960403
-621
61745
-152
8326141
2919
-54849322
-1428
9242
46677
21
75
-885172
-75117
630
-26456259
27152
3760
16103
-302
-832030
-4318
-51
-3952
6800328
-88015
-222333
9708507
-30
-676
89
-65911
301810
618535
-389
735689
930
23
-42095
44
63294
-5498
-97952
-4596
71952
870
-389346
-503
693
30984425
-5697
81
65
-62560
-43667444
56
7363
4089
1455
23319
-1328723
493531
539
89
-406635
-5740
-68
4535318
3331834
-428100
-55
-59656522
-134098
-52190
-43054679
-76534087
53349938
-6101696
519935
-95
88
-223621
47261
6176923
-443809
444889
-9299592
58
-61984
-8124589
-93
-93402
-28
-9818
810
591
-588
-87545
7762963
-20831
7826
-840737
4142388
5011
61064
29729
3242552
265484
-487827
-6892
-50
-25753
50
71019
-59868
3129
138047
31
-149252
68575188
-8844472
56940270
-588441
-38
76557
-85
-94
-4363932
-48
32421085
-90077
386953
-7882946
-83
-790
-1658501
-136
4754
8118269
-81632
7455358
84
18621629
-630
-2331
-5972909
66442495
27468
-152
-7270
6595879
-36893
-765
-733308
-5589809
-3574
-63630362
87908688
-30150634
75
9864
78013299
66
-883682
92724
82478743
-766844
-4492383
1185850
-559250
-369454
4879167
81672725
-850
206227
4073788
524956
85936
24133610
99084215
34488
37110
910096
-874283
-2345936
13323065
-3387126
-5967003
-84039
74
27
-30824664
-39
-478795
-3897
-6072721
91323
-3994175
-8496442
11334640
691770
-3386
-1388
7742282
-205702
21118868
4991
-9412
89914
425421
17
-639
-3844
-7798
-95545
263629
-300
-48121778
-9408433
1613
-6434
8084
-9636
8137739
7428
25882809
905002
60782
8540725
-44
-41753909
14367
8512071
3364588
3136
18860006
-76884
754521
2944625
2971505
237
-3695565
-3972
-56147
96
-896
-581050
3536404
63836816
-8477
-9736
-522872
-53081326
790
-5302
2073
98787
814
86
-919
-93395
-10658437
657496
-72
-1989436
348299
5791721
4609046
16165
454
6567883
-3343322
-57817
-88404
-1752874
-232607
-57
-56
7323
848
76
83
13269
20788026
57688
-4547182
78
4886893
97
976935
9085
54638
-7220
9804920
59
6578
824511
-97249
23
-168
10092
2726530
-6243
59592353
-903
-7391174
10048786
-7199098
51
4911077
-80600747
-820991
7171
-36
-140857
982
52140804
596716
7165
-806398
3018
3203907
3854798
-31
4565431
980
52622136
3607
5099088
261
62385
-2702
7381181
-7121
64
16825663
-2018
85628
-811
92
92979723
-847
-880
-61
-415945
-777976
-325292
-64888
84107
-642
32638533
-33779703
-9451
