717
-590
91395
240
6200
-12
-49
8273853
-784520
6536
58359
598
5428
-331
-94586026
6304
-94
7725936
23541143
71839
-63321
-938216
-3978
-5692
47970
929298
-9819
-82950
-643
10096183
-77829924
-147588
-7139116
-208
-5409522
76306
8060740
134442
-76
-799
3475
5577
948
-19
43238
-985
-642
868
-496
70777
-780
326498
-59859
34703014
-1918401
-773
-6812479
-2493837
10673060
8153
-486101
-885
938
171
-7374
88246
-977012
780
-134
-3218
73097
-7622709
-808616
-2329
944
6004
-22380
847
601946
9402
-75
-9409
324420
124
406244
5080
-3991156
-118363
93860
96
-5448
-742
820012
547275
736
10585737
14555921
24923
6592
3842
-480791
-93791
-2725
289288
-16867033
-4774
36745
-847878
54
1251757
-27233542
-51186
64
57
5781782
-971
-1939
70
89861
377240
-686621
-202572
-72
-617205
437
-272221
-88
-80865
-484
37206
-12631
-576
-4466390
3971
2288997
-51993
-42985508
-22
99325061
-379911
70989
5700543
4797926
251
139
3132674
89769
-1316
233006
-29
-687942
-8291701
69565344
-5712
39
6123969
54182
25
4369198
2368705
-7083343
30
77591
-57
-2752
7129455
-987477
93
-8966145
8396
-318436
8337
98727568
-728
13
2344
74018390
5613
-39
-1535278
54
771172
42995583
100
-54178816
32153407
804
-80190
376976
-580462
-56
-90352
144150
-28977807
90
580
-39506
74839
-9085
831552
-4226094
-62289
-43
-49811
4587
49282
243703
-422
-27555
75
797049
-460
-18973801
210
82163
-46987
-285432
-308
-52163454
-9876503
-131377
-65
-964
-64978034
4636792
-55829999
12041
-8178
96
-88097
3209769
-57452713
714270
-179
-1512242
326526
45797
-46252
666983
321376
-8772564
37
-8075613
832313
5672365
393590
556787
932
-4844371
69802
-850417
9018
-3165157
-721333
-624599
-23518018
19
-53096
-41734
-4210
-56
-20
-572605
124
-88010220
-463217
4106387
-62951
-638
13811019
22365
-19366992
-334661
34479
9095
-45519
-707
8705
538
92068381
46258
42
53651
-68
-30059
475
-12760301
-85960137
32524
-818932
-4462638
-67212
49337675
39943
41483994
135976
-48
7819134
-876858
-5847812
-233513
4586
486
-3296
204519
7811
29115310
529
-35
-6059
91282006
-67906
-95347
-21
89
2166
5563
-97
-23011
423534
21
-996087
80806975
-733
741
-2474951
464643
-4462806
4010130
2681
60
-96873
-3219
36
21
-391
-37164447
-93792055
7946769
989963
-781263
-318
87030
-38824131
664
64165017
-61
-7844
49
9053
52032436
-71896
-888
-1160950
407844
71499962
-6686241
-14249245
-65174096
3542220
-71
-7700
-47255
-84269
68
8669394
4064691
850
69315981
720896
1431680
673
-7845
-464194
-988
-41
45203990
-223
97448997
97937736
-711
80
-84195
7465421
896
9423756
-2577428
-43948
2247452
-2623392
86274
-897392
498691
11016640
1081219
-23
1299
118
-1305044
-33174
684
-180925
29571
-44233
191360
-323992
-33319006
54
470210
-215201
76455352
-6176
-2698
-59827
-1937534
123086
156
-54863
-748
-81
-9364
55
22886
-3606839
44702
93610
89
298353
6760
-79
-214
-82
47322751
3005564
154
8252
9354935
-91318
678
-205
39919850
950
2159489
-295333
-70
-66076815
46723449
-6150724
-91
-24770
403674
65474
102267
-26180654
23162977
363
184790
-34
89
68835
7090
5148
-93785812
-27
96909
-35504267
2663675
-188455
-145971
-121787
8614875
17
67927871
-8667
-12350
6457591
9765240
2792302
78
-16
-4024337
-17098
-1009238
-65925430
-2062747
94
-28137
78975
-71989200
-36
11293930
-2569
-8313759
-8821343
99904962
943
-28
-880
38149373
-8161461
-984377
8649
-86826
-1350
-975
-3470337
4222
-15925688
-281
-7664
-51
64021677
67
-3879
21838747
76
-63
-23390501
-731
-69
3663
-753
23754
-97069
-2619220
2744285
253171
22
97576
-48670
-84
-717
-3198
42
-688549
62
56670271
-68492
6753505
-9324283
-6638
-3174465
-60
-2564
25564
-8408859
55007
805
689127
819918
-3525
8694858
-714
8142
-2615
-5097685
7600706
-70222
1399941
-75
-1947347
-6809
-18983738
3474134
78323340
-4299
5422
-571408
61
-7612
98170
-9846983
617547
-57
42125053
-2243745
6462152
-92
498481
-5937
-88583
96599
-85312609
-61792
12784
-50774074
-9102865
55313
3248
93604
592
-60711
143229
-4414
6848641
-2187295
-38
21216
-25888832
-9857820
-786767
820
206
-44
-127449
8621
838708
719
-5790
576579
-781
-459374
704
-35866605
-49
-46
42
70020574
5739
654
5784
39853
-22
-90417
47257822
-8639687
8328
-4776
-43
40274378
-44442693
5127
-85245
-5626957
-97372953
2755
-6859562
-63007
-44810467
-659326
20
-16296064
-92358
-3719
788015
4745995
36016924
-44651352
-346014
-36230994
7099
20207069
-302
35522326
-703352
-73604
-196
-622
-3368
16971
92
4758
4102
-91
3810996
-65
5387
-7985685
79461911
8440
-680166
9100678
-317078
-733
796500
-3428
-18828
773602
7410982
76
-9466445
-15
644599
-22
-304
-33
-53560254
-26479
41364772
-259
289425
-9294
-606881
394741
-71709061
23
-211
284205
46015
-68556413
65413987
-6591
6690905
273
85
957172
-12541
77
9178
32569568
-43751859
-5885923
8497287
-890237
-912
-389
46808555
34
