863
-7711268
1646160
-98819
9961
728
9998919
-63
699643
-794517
199
-862487
79417
-66
57
90
-953
29
-460222
-6649
-2795
-78192088
-92470162
-71764752
7277532
741
829
104688
71
7926676
840485
-7703
6916939
47942158
613086
530
6317
5166
-9018095
5441
8040
-754078
73
-972
-49661
7154
-813458
-25904
29050
-268
-7030477
5777627
-867
381
-1492
-707506
21
2423587
-7037799
-77
663916
-60300275
11577
-14156
4865654
14123164
-7802922
85
-7979
-6619
4595718
47822
-41826736
-350114
7551815
-51263980
77
15
70
8015
845067
16264
48663
-33929759
60007
-211
89758
623944
71359906
8121
3362855
83
-816638
-169615
-33269262
1346137
95
-936
75447
-36090660
19751339
-749
-99201
-3710626
-7090843
-86
-23
685534
45177
-23268
4929
-51112
1377
26264
-36050
45
525
-51625
9073341
-41920
-3532
6223462
686403
-8990056
-95991
-9703
-513434
-177
56
241735
347262
863977
20
3487783
-45
60467
4993043
-8697
-235570
1671934
-711
-18
779
-24039054
-43153
-31597
77392
55200
-6867932
-78155
-300
-26348
68565
773
530
-7900203
-41973762
469631
5649
-11916512
68288028
-48053
4807028
-39534898
-17506
-703
-982
84866
-363721
-969040
-8081
-74
15570614
26747420
8205
-389
-71925
-47265126
-86675
-73
-404
-134
88666
-90673380
985273
-1802
-6003627
7678991
8297
64868
-89673008
86018
6813404
1739493
90
-5977
-8430085
77
-393
-6772
-89
-129
1832588
-9877
-306029
6341
72470
-6317790
-39925705
-2449
8018
876
-22841
-61902712
-761688
631
17
5314
5215853
-65761
-649828
41
-3369
-622957
96317
-73198901
-260481
-89281
-6640
8424827
43
-86151
-6532947
517
202
-4616
444626
-7421
-65
-7339729
-199182
4677
8222721
-524
473
-15
-96
-540715
88785907
-9437877
961933
-581
-1238
342857
53
-3419
37035
693629
6835710
-208
27
68
-6141909
-6587849
648
-247153
240
-44603
-563
24720860
-69
61503205
99
746681
88241
9674348
-62
7547
-24
-71428113
-6610541
-985859
-358
-64042704
-930903
411803
1615
-8857
-14
53554650
-4221
25447
-5013058
86234
8289
54219964
-86094
15277
-49
-6835581
2067886
-87
-68
243941
-12
-822
-96699283
-4887
718364
-295323
-33
-645040
-610364
-4324401
-327
-93
-44345991
-53105425
670404
-20668
-98399
62
-103820
3587
-5292
163431
830
-5287
-131682
33603
-771
1514
5029282
-562376
5152
-3431
1552
-70554036
-94
67292846
-6164
-4057
3247592
-173994
2074962
-88464
84256262
-8357
6826010
27
35
66991116
96
485549
-653873
33
-4308809
4568
443
-645937
291
519
-9192094
297
82540
2257215
-736
-80
622
9861544
-80661117
-627
-80741271
-89
63464
33242
-7359
7068
-5275945
539
40
851
54340586
-23
6716
170539
6592544
-33124
-9332773
77
-228976
9727205
-29511456
-8224
-90532251
-207458
87146
-854058
-146
-288
-90985287
1997132
-762131
486
-881267
98
8880092
-135094
-67
-7752886
-18
-74117856
2800529
-2841
-407
85199884
566
-84991
76424
61336
-71518
-75506
31143
74614910
-783
-66616
81928
3491924
-2453661
52
-10
-44
77040506
-4390
-6208
-29287640
-58965990
-59
-56690466
-31579
25
-2582
410
8477
-281
-31
-480
-9976832
27629847
-15429
-2318
-85869
31473
-6134
-622
87
-43989
-15423896
5181602
76255
95750
8488131
313311
9943
4718
-793076
7616
73
-170059
79779
9313715
-69
-884483
-23320
576986
-67278
-8605
1162
-5573
4850
-5742442
7366131
1569774
729
-226573
28
50434
-99
1819934
-456922
63
-593
80741
44016232
2996
-73627107
-4658
557218
-30783
-14453
-91614760
-55
-9845854
943648
681061
-2768
-730
-573
556
-84843
72406372
-41768102
72503
84944738
3135855
-18136
38022
-58255310
-939996
-10
2749
-56390076
227163
866
57810603
-2033713
61082580
-9798642
96008183
870852
-3832
-93
-276
62
-21
-864
432
36451483
-23422308
-4664
18378636
86
-2763614
42
-907448
4543327
3977
-6240
-884
39859
84819
-675746
-49286
92
9310044
200834
860330
4884041
-20528
1069
-72
-4551370
-91486871
-4723194
78
-54
-269732
29423
94
-8077103
-54
63384064
5245
-5230231
4173236
-87699
117098
86115008
-54808
-8378
-67701
-89
578006
-611347
97503244
-5178916
971953
-368
7907234
526
8421
-30290600
-3044
577422
-1103792
-45
286548
863845
374
-498
27916
-6634
-442
86462751
-96260627
-42
3769
-965
85
-325
977070
5359
55602
67714
73308
-3260000
-60490206
-7578
4620
922942
-70
-92262
5799039
50
709
2810
-91
-667
-91357767
67
41
-8744828
650
-46627868
70
721277
-2080
37714958
4718598
-4886
-48
-78
8442
-72680
-70
74
-4469624
721
63961
-22
-94120
8557
6432813
-72752
897659
-1176218
29177
920763
-992541
9612
8898
9026
567
73742336
-427332
-926144
-6353
-53239049
-5384788
-63512371
-72697
-77629
-3348911
-398
66
-218
46
-400192
69573
417
-994556
9747
-33
-74106471
-8844
-60
-956766
-207399
-2970417
-441517
61056
900893
-6177327
87532449
72450444
98
-13367
6079
19
95555635
-304
-2230911
-49
28
660
-4852
85
594828
573784
-27
4584977
-83
1872072
-5990
-1302420
-797010
917
-80738207
-83
6980
3314
-64908214
-27316
-47629238
92
-7742765
60
605430
-89
56
26
27
972
98981712
-58675452
3127758
70072
688620
-832938
-985936
-772
-602
-22918
-63
648936
135409
-605755
-8903
94643924
417092
-109983
155587
-95450206
32643077
4868
77190
-31046171
-771996
-651
-89
7116
23954488
42
394695
2190099
-9218288
-773355
-306
-182894
-5037
-47
-5708672
57350
-171669
5663725
-7303
921
428039
20644
-805125
29937732
-7351841
5855
87932990
54875435
-29160
-44982592
-57
8794
3252
94166
790225
38732
732299
5766
62657
44
2631444
76134
31163539
90647788
2100445
32867
665
483
-40729784
-61796762
9679
7183081
-63333128
44439
94583
7041850
-74593116
349471
9148767
92108284
2661
691731
-98829659
14251
28
32035142
-18301455
566709
61
4237
-73572
-316
314490
34969701
646346
-68
371769
3653
-8816
-945053
72726711
65076
4736
780
8130066
34
-18395
598465
-839
-1223597
-520
717622
-9669940
-4260
-12494
669083
85
-34
-803204
52189510
954
274
29034104
-4224230
-59808826
-696957
-25
