825
4997
610
-31563
-478400
-96875436
-17914160
437
-26
-91586
-22015717
-50
194
-205696
-26837
40
-4481
-236681
53093965
-53
95518449
84319959
38629
96
806309
34
-75242
78
-142
-39632
-240751
558339
-71692741
1981
-5380224
-50
900
7520
48627
-371858
3240383
-700930
154
-607
513371
-1472
715532
-48356167
4431
13562590
35
-628355
-1727
-20876
-178550
-989334
876970
7928970
-336
-8249376
-740
-925
-28277427
9509
-37
-794288
51808418
6259620
-230976
-970
-908
22374
-32987
-92
-620475
-14
1169
-311
-1476903
99416
-80905
-8646652
-2030884
529
-81341
-529
-28889516
-51206
-623275
-49807701
-99
-387254
104
-83815592
-4598402
-7418202
-1218
-8725
93267
-70287
16031929
2000
-7171
661
-2351
-460500
-43142
-594
25
-4760
-62
-1698519
8231068
63112085
54627631
-31679
44
-36
-52860
87275265
24
37192200
-5478
-48
-1247925
-6388994
42
-1860960
-5627901
-6843212
2556807
-13
-620
-259920
42356885
-4476620
7370
8886
46908
9850
-4489
630
-28
-744
244
3570
407
-979273
-84838
-90948
987
-3200829
-9133
6038
-3851588
5307072
-67796407
-5217675
48350002
-2505
535
17411757
3802
63229198
996654
2674
-88487
-85925
5401
80389
-15220191
46836
-6978883
46433
-22
7796
2240
-998641
71556057
1397
5286910
756850
-6393
124
9888569
148
-980661
-989358
-7338672
-5497791
673
-70594
86195157
-11
-30
73748
44308196
-1947
-1784338
58
-62
-58
764
-101456
7396
76
-52
-70942
75
7588
5380068
-825
-670688
1522
9418315
15
29231
-6606
4665946
92559
509183
98913381
42
-9170
66760123
-49
-43813006
-70
199998
-448831
6854
-362613
-8732737
47281303
-84
-319
56209
-535436
50
391558
-21012393
-9058
67394
-368
32078
-46
27622420
-77198
-38167
765382
9051668
50
8246
940
454014
-41925209
-1032
478
801765
-22400
-971
377056
-345209
-36
-73727793
-86137
-48239310
-31154380
-486414
90996
24236
9136
-4195
-25266
610
-9676505
855
-894588
-646568
80
-4925
209
-850123
260
-468956
-40154353
-7351932
-127015
-34
-4285
77677131
-620558
-88760906
71967
-41
844
9787475
6642
-556415
68334
-3384832
-70580
-27
-30475068
-345
-1384892
10
-19
575
-501
8957
51423
-658105
2439277
-4597039
589188
38
1229
-207
7186
-185
72370
7689
-120
-286749
3091
62764
57
355
25617
-67
37
94040
-303738
-5726259
503
818444
756560
-239455
-88875027
-757
-53228998
4459988
6439
-128556
88389457
3736319
-622
-5345
9276
14423753
-35341807
-5748304
511649
-14
8017
-52353
-8765
-7986631
3163
4570
-55420
-95227
-934
603984
-6643096
-2094857
-77739369
-89269
1644231
90883
52997
-23119944
22159240
-253
3732986
-7071009
95
-48
-745540
32194
5268
91
-285172
-565
-43992478
81398979
68653
6502
-998936
239
-24
1800
-959940
5240227
5046864
36867
483
971
607
-1007112
-3727486
526180
-939
-73
-932175
641066
56930546
-457
-83230155
86
-4725665
-14
48
-2548
-2356074
78317542
-2897
-26848
500824
-92770
-3782291
-86630
-9939764
-910
20
707
-42496504
-62713
-65236641
-3710247
458
-76446
-8901247
2415469
-63961143
-87684198
-71116
-94
11766
384691
-75
8571
-31718
55
74779
9995
-99
45
-21595317
-4904
-51
-1342131
269
954
-5430
-819710
163
48446918
-2883
-79
551
-9346052
-161
-91245
-5236774
-47850
-994
-1795
-5128
561
-78
679576
72
-36
-97
37
-92
364166
-11412
72
-8684
-325
-766299
430968
-582
-6627336
-51527
-73157614
-479337
-39558843
98
-958966
16010394
-82
978
-514
-131
36008484
92
12233
9377
458091
-4296612
3717
36
-711604
-32
38
-69973
48882
1749808
-535062
207
323115
-683
4058
-4396654
4375324
8642
-42
-223275
15368
4632
-881
52
51
42590496
-548
8275
-967
44260718
-5113253
-319
-141958
87
-7329108
88676280
-8053406
2628
532819
26
-1729
-6031
-752845
982796
95909819
84615
485
-20474
-24
-80180
-170
220194
7568
-5439
-182970
-14
29053600
-3243323
-75162
-6505
-1280427
40
-273
-76
7915
13967866
-69111710
69159
-839
87792
-7188
-19
-728
56131
120
127
-14719
8076
27393
29
-8294530
80718542
17832
-27107
8926
351
-39480
-7777
-23
-342
8087
-89308
-4964
-51
6984
542
-1861702
-94
-5099
82
-50084
722
780
-61285
-21844
584914
41151309
9923256
816
-36
812142
-72953
1828420
-88815
-2245
1527551
6783
6519377
-50660759
-28069795
-294080
9975577
5982
-62970076
8305025
83127810
13
-43908
4406712
-686
640948
49
-7330
3488
80553
96616240
-8141
331
-39830812
-31914
-1257905
-67743023
-27180
-24619228
-979141
86560850
-15763
-1736
82702
-1886
-75390517
381086
7720195
12923
-59138926
-98
-767059
-57276
-970
-662
566
-7244
59762
-362
964
1678571
9248
-8188433
-24931578
-5055
623907
-99077
-528731
5981294
103962
-95
873
75939
24681
-70668887
-23372
-77832
-35271066
745
376
928
-40
92
91
26
-7505
-100
-731
-844114
355032
-726110
49
-81606233
58
-857
5652694
-7081349
716978
-596538
62
3131152
-181284
-498
4985122
58545973
141
-9572
-79322529
9274
90
-7620
920
-16
8336722
-1114
45103157
-49924948
-83137
24225988
-87338
112
-7882
-739
799
-98609079
67056450
3958362
-6034
427
975717
-20
797
-370283
-494161
6424
-9354
1815285
17744262
7598
737401
97
62
-70191
-20651
30587286
-92872
-135294
58
-16879212
-8483
-52622
-145671
73
-16284
3311
481690
29454
-27017
1298
15734
81158
-2755468
-4524
-9171
17
5258
-1141747
-966523
-74278276
-7729
83
-361
-505066
77228384
-4788089
-605
-78348
9434538
-6896581
68209
91829017
1606140
76
30697
82886
-1186355
139
-5118747
374650
-40891
-76987155
2554844
-152195
557
8854
-547364
-15
253501
-8547680
-55138488
3675653
-3994
-47799
-9935158
-73686245
-933
9670284
14
393667
60975
97623
19
-840923
75
-810512
34252
-527574
-4323273
68195
