175
-2846004
-29300140
333
55061677
4182
-85038
-33398
546
113948
-10255
-6629590
-9019
-98722
816
50457
-848870
2108
-84485
25449
-442177
-245
117
-1418
20435162
855391
-494
1048036
-278216
761996
51854
7823266
-389
54515
-4641775
9519
944
-482
49717
783580
-9607119
94618
-59
30738124
726
24452863
51
-27747
148
4079539
924
2286
-7778
1167
-80
-2427740
974
-932782
92447350
-87238075
621
90314924
5515
430830
-1768999
2378779
-70
30
-9248508
-25
-58
93
965
985570
-2868391
12
786896
36
16
-3622
-8414
-52
297068
25
-31883
-3217
-40
39384
-24
-15064
-639515
-60691402
71074
677
-3462
30
4616979
-677
65
-9734
43
671402
-96214134
-8683
492
4090502
-7850907
87857928
-3359441
-68651
98027
19508
1101967
-37964
-7726595
-31
-687
-7777147
-458501
1072
-48
-5124545
-41
628606
7114
-8547
98770707
88530
-2367
-265
27927056
-6946555
-58919827
89679394
5459553
61834
-4164027
-354
887691
-2187915
-74004
2337081
98382688
333138
115
66223221
76976054
-24380
68193786
55
-6439162
9459
38
52
-5549
-6557979
-58
-294942
-43639
39
25
544805
11406668
-831
31
1433247
-5302
4435678
4947
-38164
74638625
-9684
65656007
-297
-402
769
