91
-31
-4687
-994
239
-580137
1998408
5500
18534
-2548132
-951
-688
-6281
-36288
-5193
13
4094658
342
60678294
-3524813
9426860
-40093
619
-501
-1538
16
7256654
-608724
1786
88216678
6108047
-683404
1498840
-9921
-6166873
-59573
498
-404
-67
48552106
363606
7629908
9879
-6779
-679
40
80719239
89381
-5185
-502
7022786
-576402
-8228583
-442
47
597428
-8179832
4276
-577
-45
3787808
61502
31046347
-140
-8289773
7972862
42883
-42
45486
865
69694245
-8766
-7024
-21
-92699
-8722
633
-706001
46562462
-454
1603926
-57845255
-81
-917900
19545
-2269854
459
8811
767950
2649763
-94805
-78378053
