342
225
3397
-8372095
-8505
-4518
97528
86127
-220908
-38317
39361
-540814
-72519262
9799267
-73
-10
17932
-272720
5594489
-83219825
-68265586
456
-251410
-879
74
-6412509
-263
45724
7656
9181
-6724298
69519
67338896
5071
26734965
-32561
-4964811
-99135581
-579415
-2306
-765
-41611776
928465
9255601
48527125
695
39
-894
59
-444
-13210
-34032
-89850
-459223
-631819
-79
24
57
-5108
858
-70852
-62291
9733
-519388
31872
65915523
-60134
9950655
-45
-5191434
9267082
-85
-5630
9205
183435
-323
-93
35122780
-36235246
72165109
7114409
-28
-9628
-7334185
-87389
-7337813
-18124373
21537289
-468
950618
717361
629
956362
-1235
-558
2537584
4584
49208
573
-1435905
-56074119
-94
-50
-99
-825868
4075
53
22131948
31418430
874400
-17
-28
-159
-9413
-732444
273409
-784
50859
-39250517
-92695024
-6297
49
-32914
6071
-308378
-311097
466484
-3517
-53
995329
557937
-17986497
-158
647
-5780
48764782
12
10
6900224
6706932
-4192640
6928
43594
1707842
-83181148
4418760
-672493
-1480995
888
-12247395
33
488883
7597
-54046
3296
84
915
-7638885
-95493787
8044
-111313
-455974
4690
3143593
2103887
-356
-417
54917890
-39121951
59
-98041621
-213377
-52033
-3622454
3463
-997909
5905330
247850
-2835183
-51232971
898
-3074872
93393
5545319
473859
-8719689
91970
11
60135464
22645420
-8616
-448427
-2890
-3538064
-285
343
-9153
847
-861
-797
-4010
-1054530
-712607
-30913
-22
-54264
-62
43947
-8559977
9868849
-725641
-675
95025606
-5684
3293
78392
-85912069
6869950
-4834297
-57053583
-89
-79
-787500
95563
4314
-443
740
-28
47992668
752
-1659
14
683975
-8278239
26290268
-25800596
1014995
9789083
-382
-4370
-2051
936
511
48
-845707
-10481216
-328
-58290691
5985
-70
-63
-9812
-2023640
84534338
-4804889
-56229564
-3118
-9271
33883
-62242108
85915979
-93716038
832260
-252
642
26
69
63
-721
-61698
-626
913148
82108461
5183
-40467316
-664
4088232
433
9346
699
9711533
88
-5136140
-81802
66
-422272
99936
99357
12325184
-7329
-82
-21995784
54
8867
343
-145
-94442
7545
960
31617
67279757
-4076115
33902
143
-89
-423708
7227
36398
-593
-994
6490
-24488136
3345857
42
8489
39
-48731274
888211
4181316
3861581
9401005
-163
30
-10009084
-325
7873
-806903
61
9892355
23618
-174
6337963
-7988
5840
98822388
-3537587
5691
-958
-30165
98
-7810
2827690
40
