561
-980756
3787403
-2165674
85
-7034554
-775
1527
-4166781
-7567641
98
923996
-84
-9347
5042480
-625
27219
-172796
93
6079569
9198
30875544
31214
-2149723
-56709694
-420335
335
312
-765771
-7412
56069
53909681
77076
-348306
-553774
-341157
231999
33294853
-985
-998
779
8837
-553038
-6259
-45
-76285326
4465
9428132
8728
9689224
52
102
-97
51890004
-9194
-3511
-378
227
-1164823
87514193
-84342732
1385
5690
84
60
76708
2971757
-90193
98
635
-37841976
-72
-65490580
7545
4469104
-881
49633639
-485
-891629
27
32798
-849819
6739
2358
-12145457
-6972680
-805260
46154
-60478
76051
-3338
-192701
44
82149455
-5623
-688936
-52
-65
887075
-614515
-36
38
707534
-1317134
1676
77010
40720
700831
-549
-469172
147
-644
23788125
339204
-78
651
11070
-50612
-8378429
3102
-18
34037
6806068
16099
2512
-83
5077932
-60
451
-29125
-9466241
-3370
-2460577
-27
4919144
9364
63862
3746690
-87449401
903712
-4631575
-2273
16356569
860
29994
-13246617
55783
2248374
54
-19
-8226
22
-5206508
61440311
-408697
30
24367813
-86
-6999
357344
-700271
-188
-711152
-90345
-63605
59807177
67399607
6151733
-93830960
34370
89
-2222772
-815263
-1293078
-5431733
81
-1976
37460
60921796
3507
71653
99
-54
-486
-808102
-1377
-859
-595775
28
-84911
-8010980
-89790
-36232633
419
-434674
-757
-9339
-37178
-41568627
9286677
-52271
12447151
-51463
-67301198
-554997
7690
372307
851
-102
6423
86945
-8502554
17728
-1022981
430
-90547029
-75051
18445
-58992727
6334348
-88491
20
-49399259
-810
6465
-49230
14
-84228
-36018252
9229
35
-83
33326
-535445
4716055
19535485
-6623964
3754
62580
361895
-4730
-1338158
5560
-323553
635
48
8297756
8744
-552159
-9756907
-4019
-8613
5135569
16
4463
-611
-48
55088
376
4510476
-15
5568251
73494389
281
2636
85
66136
-697727
-207
-3732123
91
-196412
-3824
-47
-576
-17
271571
-4476
-5001
585520
18
7682
-99649
87267
347
-19611628
-98650960
-1783060
-7688
-53
-727
572
3682
26
296334
603
67664
54843
58719
-3598
5574845
-97557
35730
22349228
-9433
528646
385
-1835
406144
-1027
-113100
857
5890608
-363
5871
9477
9731
-6641892
-56428
-784
7167687
9239550
23834
2751918
-135
-2370458
-81869
671420
-655065
-958
-5269
-917
584723
35294
-51970
-6845463
-526542
-280
-6963
-61006
-578
45627
8598
-2912713
3468
7604
-858436
94568263
46971118
27986532
475
3502
-176048
41581
9859416
-1691
-792
5540321
44
754110
-73650811
35495908
84
-443506
222132
-79438
2333
95
30858045
-33065900
-733305
32847
-3213315
1780555
-100558
6523
44825
7149049
-27
-736
-97
-17094
41
3693379
4171
-8892
-1336
32124
44851558
42894
-6341747
-5254
-5392126
511785
-28341
-8329339
897845
-42467466
361
-64235
156
-99360
94
-75
-7000980
-89997
-756154
507
437
-7359319
-82
41169
82
257344
-456
-3408437
-796984
63738440
377
61
-58370
-7914
-86028
44761
14698
-2751
-708762
83833
-8322
9595
-7008432
-898345
41
75382169
82
92103880
6977
-674
3753056
47281
6522371
-4500
-222
90
661
66575286
-79082052
34742
58
59092
-89954425
-31282901
-31
9668531
56581350
-5755313
96
18
864
-34
167
-48
61150037
873815
99144
-62
4592484
1927481
716692
-6478386
698230
-56
324
17
6531
-685
52
640
-95
-36315
-79
53621
46439003
8632354
-783
-234
-689194
3865
9312
-94
32
896607
671223
46972
-462
6228
653812
-363161
-451878
-5123
-62360
-90647
-84
-18380119
94271
2144
-505525
-90
-250
7558
-1215975
-81239
589582
56
-8133
28
-9684737
-59
43117
-356
-1764
-26
-10944113
-108
-820828
24
-463940
85
60378
32624
56799
-7995544
269651
7123901
-31950867
3803371
-350830
-588
523745
-622611
-3356
-6608
-2747405
-35129041
20637
3256148
-36372953
-363
-72
13193
-7368
-935
-837078
-32954
27
613228
898
19
-507818
125
-772595
-38627
