444
641
1102195
-560
-63
80243577
18
5843443
6463
-7212
-4793
52979891
702815
-27
838
179
60678
811
7974
6917314
-727831
363687
43
-54902428
-8441373
-228812
-74048166
9016970
1106863
68
-819
-28843195
-5736
6587849
-82093373
950951
-777
7403121
339033
-6657
-76596
-867
250271
-93
23029579
-5016189
-5773476
4051
-473
868973
-19397892
6504
-76
-54844
-418944
32
22
-84938
899
-69
648400
18
-6830999
-165059
-54432885
900
-853
-410
2198
-354
-4175279
-85167895
-62
90667836
-84677
-9310
88142288
662
-647
9529289
-98963
3156
303821
-848811
503148
42
-6063
-726
48236
47044639
-90083855
-5384
6423
-59855
-918892
-71978
768
-59535425
136035
16999
-1009
-56
23315198
-8593191
20
436186
-9301
2118
15
-235
69791955
-34611
-5690186
43213113
164961
-1673
68
92790
1374
10888
7775
-2103
-86471
-72
36634
450
-967419
36446
-598082
-8732
87291619
7430070
9091
314
8854444
-19
-92
-923849
7340
8668657
-5086280
94256360
-4235142
5067153
-13
-7760
878027
-267
279
3173265
-17868
922199
-2932
88
-34
-4200846
26441903
-54461
-315
306
5300790
-3227
44845141
98
518240
46
68
-689394
509589
866
70108678
68975
9038443
-65828
8445791
-5130
932
6439541
1615
38100793
45179671
77414314
82
357065
-79
28154
-589
-67
-704135
-37384156
-8519
-12424563
6522
47
18782658
-8912452
-4182785
6127981
-904191
-92
77869
366
3890
3301
1839
-311
-959
-601
57
5610814
7080561
-303
44
-24
-9127818
3161
-20808
1758638
-4071
508087
31
426069
-49045175
-99686148
45
-8144
-37152
-9083
-5741
51001
375
-71
-76497340
-88
5395333
2288758
585
1681462
-958339
-22405750
-72
75
2948
919
7921018
-956
1676
66
-1589
516969
-97357817
-1549737
-25980
8935348
-9383
-22767107
-39
-6037285
-32
-7188
-202
759147
1367
-26297935
667
96659
-31123
31302
2553809
94
90088524
-452414
-334
34507
-21109
-808046
-757379
40658
78
-86246476
1073452
-78
-63365003
9063431
-48708097
-77161961
25294641
720073
39
-532595
-7583063
-8425
3310
-25306274
-3658
-99585
-95207128
585641
-8346
-13372512
85226
-66742414
-97264
864900
72
-62827750
98833
6779
4706
-73
-446703
787
-5585592
-50
81
2280
-4491
-23214612
5926
-30969
-120
36361
386
46
26092
-5102
66356
8209226
44060534
-31736
65859
-27471
643543
-92
-618115
90289548
1865195
241915
824
64
-1720311
-40
4728
-6381025
-911368
-69
96154
913770
33021
48360244
-50131
31694
27
671470
945
-1294282
-960
-21894
-61
-49
375224
65103429
-28078513
-5609
742
2873009
8663
-228060
-50457237
55
-28631717
1632
-42465506
400178
6455
639
8197055
-22879
14480
37963526
-66849293
-134129
3384
-23
-8254000
-6822
9195080
9818947
-57961
-506
6508
-12792015
-67843568
981
-700876
79982492
-11
-43117866
874187
-2550741
-66224
45
98081521
-28119
91652062
-556
103928
55666
-37
-48
71695
88178
95991744
95
-534596
1364
-539458
-329
-354
3451
3668
-882
-27929
5543
-1689
-3140505
-5891958
4880983
8407
-8956596
47601
-468
-43866644
4240740
-54
8633
64861836
3820
149
945297
-4752
-453394
-1714459
442396
427
